looped
start
  (0, 9194)	0.3423236199455179
  (0, 58133)	0.3206137400991948
  (0, 89234)	0.3849434696689694
  (0, 33676)	0.41183360095223925
  (0, 114361)	0.41183360095223925
  (0, 19084)	0.2022407350296835
  (0, 9184)	0.2177092116809629
  (0, 58118)	0.15553350216803144
  (0, 89200)	0.21482495020590126
  (0, 33612)	0.2085866756782589
  (0, 114358)	0.30079663852081256
  (1, 117114)	0.3953223276142332
  (1, 58908)	0.3953223276142332
  (1, 135912)	0.3953223276142332
  (1, 37585)	0.3953223276142332
  (1, 117113)	0.3953223276142332
  (1, 58907)	0.3953223276142332
  (1, 135899)	0.24964283233850118
  (2, 8996)	0.236695891305374
  (2, 66561)	0.1993860579731347
  (2, 7172)	0.1581086823924886
  (2, 51312)	0.236695891305374
  (2, 92236)	0.24609534405137945
  (2, 118666)	0.24609534405137945
  (2, 59892)	0.1676387377535241
  :	:
  (29998, 107467)	0.24190554808802733
  (29998, 62875)	0.24190554808802733
  (29998, 55213)	0.24190554808802733
  (29998, 65951)	0.24190554808802733
  (29998, 65950)	0.24190554808802733
  (29998, 161386)	0.2326661218932138
  (29998, 62873)	0.2326661218932138
  (29998, 145960)	0.21687121848757163
  (29998, 93431)	0.20305906323886908
  (29998, 2295)	0.1852814116762873
  (29998, 68107)	0.19756364826877343
  (29998, 157555)	0.14841767498406866
  (29998, 85837)	0.18259746269230237
  (29998, 55200)	0.17604198548147376
  (29998, 82933)	0.14093951185703338
  (29998, 54114)	0.10904654453687901
  (29998, 107460)	0.1074008917108883
  (29998, 161144)	0.08711405757198624
  (29998, 53095)	0.06997304815877063
  (29998, 155438)	0.05279915805943327
  (29999, 123411)	0.5823508943325226
  (29999, 109590)	0.5692548664110931
  (29999, 123391)	0.4318170868147335
  (29999, 167089)	0.30400423068732935
  (29999, 109157)	0.24069018300803563
  (0, 103101)	0.21805754958782603
  (0, 103515)	0.2191578490780573
  (0, 5759)	0.28613501548469505
  (0, 71076)	0.28613501548469505
  (0, 37695)	0.28613501548469505
  (0, 53551)	0.28613501548469505
  (0, 176727)	0.28613501548469505
  (0, 26906)	0.28613501548469505
  (0, 13338)	0.19230308148235034
  (0, 103089)	0.15993474862011553
  (0, 103509)	0.19991927708144017
  (0, 5475)	0.12793636602055353
  (0, 71075)	0.28613501548469505
  (0, 37688)	0.2191578490780573
  (0, 53328)	0.0822865712009031
  (0, 176726)	0.28613501548469505
  (0, 26904)	0.2752062733445576
  (1, 181843)	0.24096316889671665
  (1, 104172)	0.31112667830528484
  (1, 165846)	0.2582705654779486
  (1, 91316)	0.29000535737225386
  (1, 70050)	0.32348185901680476
  (1, 84780)	0.31112667830528484
  (1, 103663)	0.29556099147429854
  (1, 111546)	0.32348185901680476
  :	:
  (29998, 155763)	0.24631083427301617
  (29998, 158499)	0.2388654707429105
  (29998, 128012)	0.20141844550856142
  (29998, 12459)	0.2263002727992388
  (29998, 148379)	0.23309039812620602
  (29998, 120102)	0.1846471720860732
  (29998, 120844)	0.20066823278927604
  (29998, 120822)	0.17740165917535236
  (29998, 113927)	0.13300973817780648
  (29998, 108589)	0.1412989072941072
  (29998, 148372)	0.16650983885587395
  (29998, 114959)	0.14523873333425713
  (29998, 155206)	0.08946731858822549
  (29998, 112836)	0.08416974126308159
  (29998, 11935)	0.09608387975402498
  (29998, 156337)	0.06008912645872205
  (29999, 166982)	0.40383109626123725
  (29999, 39722)	0.40383109626123725
  (29999, 137974)	0.40383109626123725
  (29999, 107611)	0.40383109626123725
  (29999, 68382)	0.36897500082971774
  (29999, 39685)	0.2845555412287608
  (29999, 68256)	0.19788492465917742
  (29999, 137967)	0.2557845702030651
  (29999, 166808)	0.16119300768696884
  (0, 71470)	0.30586745972819784
  (0, 106805)	0.30586745972819784
  (0, 24603)	0.30586745972819784
  (0, 36532)	0.22598261178617354
  (0, 87283)	0.20384403486873875
  (0, 109957)	0.30586745972819784
  (0, 81655)	0.30586745972819784
  (0, 114699)	0.2697723914467376
  (0, 186876)	0.16474909459707263
  (0, 71463)	0.2594957415301001
  (0, 106804)	0.30586745972819784
  (0, 24297)	0.10315202969507804
  (0, 36479)	0.11485980280262294
  (0, 87261)	0.14044414633527907
  (0, 109956)	0.30586745972819784
  (0, 81282)	0.10788010510518192
  (0, 114650)	0.1733260225630918
  (1, 154787)	0.24960274684144365
  (1, 74618)	0.22274607607750782
  (1, 144998)	0.21784048121425467
  (1, 51864)	0.25951474493853965
  (1, 89538)	0.25951474493853965
  (1, 92061)	0.1925121827986084
  (1, 68838)	0.25951474493853965
  (1, 94682)	0.23711510608157418
  :	:
  (29998, 166318)	0.27934245251573064
  (29998, 13322)	0.27934245251573064
  (29998, 21606)	0.27934245251573064
  (29998, 21604)	0.250433851274664
  (29998, 102335)	0.2686731479317857
  (29998, 27905)	0.24286385920148723
  (29998, 168954)	0.19626995529876298
  (29998, 156560)	0.17693409402525187
  (29998, 13298)	0.19165967995624789
  (29998, 112917)	0.20557554837443337
  (29998, 36715)	0.17803065864164128
  (29998, 166208)	0.12921076755035585
  (29998, 102305)	0.19028647746758676
  (29998, 111974)	0.08545385687791925
  (29998, 154891)	0.06160308812670051
  (29998, 171928)	0.10422984503323317
  (29998, 135660)	0.14291652135001987
  (29998, 87283)	0.18616655946839217
  (29998, 36479)	0.10489909269482174
  (29998, 87261)	0.12826474680777633
  (29999, 35998)	0.6604507743330165
  (29999, 11909)	0.438376883144899
  (29999, 35994)	0.4962652127792896
  (29999, 4665)	0.2697822950189674
  (29999, 11892)	0.22927894558050396
  (0, 7355)	0.32252115147337607
  (0, 85352)	0.32252115147337607
  (0, 185070)	0.32252115147337607
  (0, 152748)	0.31020266436608507
  (0, 60170)	0.28914407156380373
  (0, 165895)	0.15352300524987453
  (0, 190087)	0.32252115147337607
  (0, 83384)	0.2804039658688134
  (0, 6473)	0.08479958959314797
  (0, 85351)	0.31020266436608507
  (0, 184665)	0.11175772853049383
  (0, 152729)	0.247026885959241
  (0, 59930)	0.12759842180873912
  (0, 165159)	0.06829902670707387
  (0, 190086)	0.32252115147337607
  (1, 100690)	0.22330545223559575
  (1, 81217)	0.22330545223559575
  (1, 50183)	0.20019600998828335
  (1, 104060)	0.22330545223559575
  (1, 166330)	0.1823729971084368
  (1, 91178)	0.13598782620762603
  (1, 42463)	0.22330545223559575
  (1, 88513)	0.20403116596699356
  (1, 74472)	0.22330545223559575
  (1, 81116)	0.1759492572081233
  :	:
  (29998, 49357)	0.2630165070216244
  (29998, 131260)	0.21947524326807155
  (29998, 107396)	0.2342350590141508
  (29998, 129887)	0.17227660814501725
  (29998, 167373)	0.21427826272528536
  (29998, 69927)	0.2462654376391174
  (29998, 60607)	0.12786762277984073
  (29998, 60497)	0.11752997734649054
  (29998, 107316)	0.13405170237922992
  (29998, 144107)	0.2028109426712559
  (29998, 179753)	0.12551209538678118
  (29998, 144062)	0.1932158855883043
  (29998, 49314)	0.17499708180785137
  (29998, 131069)	0.12497668353590861
  (29998, 81756)	0.10370507640588636
  (29998, 167335)	0.1172219879933347
  (29998, 60907)	0.11011487655558981
  (29998, 143866)	0.19083464282810456
  (29998, 69747)	0.1318863430726822
  (29998, 24508)	0.09789014929084701
  (29998, 80803)	0.084470034086261
  (29998, 165159)	0.06212740707535913
  (29999, 146799)	0.7454885404499246
  (29999, 146772)	0.5599990507220686
  (29999, 60907)	0.3614524854641657
  (0, 65741)	0.27326594421445305
  (0, 156006)	0.27326594421445305
  (0, 98570)	0.2197383270055879
  (0, 154533)	0.2496793905341947
  (0, 117586)	0.27326594421445305
  (0, 52444)	0.23183685146457297
  (0, 157923)	0.17499290315925467
  (0, 91187)	0.1817465115854653
  (0, 174765)	0.2628287279410722
  (0, 164140)	0.27326594421445305
  (0, 65717)	0.27326594421445305
  (0, 155171)	0.27326594421445305
  (0, 65737)	0.22714364980182875
  (0, 155689)	0.0892275896916251
  (0, 97966)	0.08689112749344785
  (0, 154530)	0.22317560433534542
  (0, 117338)	0.116091656760558
  (0, 52342)	0.14230438377282098
  (0, 156789)	0.05990146865993051
  (0, 90685)	0.1043034901150333
  (0, 174684)	0.15310162469301622
  (0, 164119)	0.19369836133061064
  (0, 65661)	0.16964798712648022
  (1, 125523)	0.3755351677422168
  (1, 159150)	0.2723190638975521
  :	:
  (29999, 12479)	0.2461501035637847
  (29999, 21707)	0.2461501035637847
  (29999, 126913)	0.23674855931356475
  (29999, 75112)	0.23007805751189334
  (29999, 74599)	0.23007805751189334
  (29999, 114481)	0.18580137870934213
  (29999, 21705)	0.23007805751189334
  (29999, 116703)	0.23007805751189334
  (29999, 17266)	0.23674855931356475
  (29999, 73696)	0.21710221202436236
  (29999, 157015)	0.16615503142013976
  (29999, 73668)	0.1416842811363868
  (29999, 17236)	0.1568764957402994
  (29999, 12784)	0.1212994873563894
  (29999, 119594)	0.19394926299451443
  (29999, 113435)	0.0752269306122618
  (29999, 66354)	0.1818619193562193
  (29999, 119573)	0.09311850280883602
  (29999, 66350)	0.17016274828836586
  (29999, 74578)	0.17447791322378567
  (29999, 37270)	0.09188976177271653
  (29999, 12196)	0.17120019026353991
  (29999, 116357)	0.07712545874524795
  (29999, 143039)	0.11625343197289573
  (29999, 156789)	0.05395752023418383
  (0, 4107)	0.33525477827394745
  (0, 25847)	0.31336476012029163
  (0, 108863)	0.33525477827394745
  (0, 91759)	0.33525477827394745
  (0, 8769)	0.28775508060030364
  (0, 60342)	0.33525477827394745
  (0, 81586)	0.24486469807143948
  (0, 152880)	0.19262599053013746
  (0, 3990)	0.179194643610472
  (0, 25840)	0.14506882128351636
  (0, 108862)	0.33525477827394745
  (0, 91694)	0.1773332017533524
  (0, 8684)	0.18264756331896284
  (0, 60338)	0.16646508546094255
  (0, 81378)	0.11951448289358403
  (1, 104240)	0.12058074678554542
  (1, 11124)	0.1399703632167684
  (1, 130670)	0.16861586254797428
  (1, 43731)	0.17531178288485025
  (1, 5450)	0.17531178288485025
  (1, 28420)	0.17531178288485025
  (1, 44777)	0.17531178288485025
  (1, 46912)	0.17531178288485025
  (1, 151697)	0.17531178288485025
  (1, 165434)	0.11087393698968828
  :	:
  (29998, 40193)	0.2842852013643627
  (29998, 180167)	0.2948858573386901
  (29999, 17858)	0.2747749135948456
  (29999, 15511)	0.2747749135948456
  (29999, 47156)	0.2747749135948456
  (29999, 51469)	0.2747749135948456
  (29999, 17857)	0.2747749135948456
  (29999, 47155)	0.2747749135948456
  (29999, 59742)	0.25683384836162926
  (29999, 110274)	0.2388927831284129
  (29999, 139755)	0.25105811541085005
  (29999, 18744)	0.23584414759278202
  (29999, 156271)	0.17176687985746444
  (29999, 112103)	0.264280063210422
  (29999, 15505)	0.20646691057220273
  (29999, 177674)	0.18506958742876378
  (29999, 18647)	0.13540541188037394
  (29999, 177455)	0.13789612878652618
  (29999, 166810)	0.1328630057911603
  (29999, 139692)	0.14949257034812424
  (29999, 51426)	0.14169073773489965
  (29999, 59477)	0.10791668161808617
  (29999, 112026)	0.08382897759724932
  (29999, 110060)	0.09680657509811412
  (29999, 155158)	0.06006366302446543
  (0, 191813)	0.22872031023845063
  (0, 49207)	0.2446975111888943
  (0, 157744)	0.2446975111888943
  (0, 8195)	0.14229338423226998
  (0, 26345)	0.2446975111888943
  (0, 190261)	0.2446975111888943
  (0, 167200)	0.14795104690519983
  (0, 32601)	0.21274310928800697
  (0, 167310)	0.2446975111888943
  (0, 36107)	0.22872031023845063
  (0, 127637)	0.2446975111888943
  (0, 159066)	0.2446975111888943
  (0, 192075)	0.19536849694720984
  (0, 8463)	0.2075995994243981
  (0, 145954)	0.17807378149257136
  (0, 191265)	0.09933642434585037
  (0, 49206)	0.2446975111888943
  (0, 26344)	0.2446975111888943
  (0, 190127)	0.06860755444809766
  (0, 165077)	0.05199325662756132
  (0, 32584)	0.1745205730870232
  (0, 167254)	0.09783040169677544
  (0, 36052)	0.15452448670945818
  (0, 127635)	0.17744222887471914
  (0, 156691)	0.10707589784451946
  :	:
  (29998, 84622)	0.0777814853226749
  (29999, 816)	0.27889291683917633
  (29999, 187841)	0.27889291683917633
  (29999, 71628)	0.27889291683917633
  (29999, 145828)	0.25003083716151736
  (29999, 123453)	0.2548206791771401
  (29999, 111586)	0.26068297202059115
  (29999, 141141)	0.21711900376325002
  (29999, 105780)	0.2393787023024435
  (29999, 106273)	0.21472904805451207
  (29999, 71590)	0.19088625636694506
  (29999, 161232)	0.26068297202059115
  (29999, 171810)	0.23182089234293216
  (29999, 796)	0.19329816894874097
  (29999, 123431)	0.18038820638995395
  (29999, 80340)	0.17177031152286354
  (29999, 116411)	0.14224866422199448
  (29999, 171808)	0.1320589373584614
  (29999, 187809)	0.16942880022594362
  (29999, 145720)	0.15290079908106835
  (29999, 161179)	0.17025631421589707
  (29999, 111097)	0.09898625103310907
  (29999, 115939)	0.08724159296747565
  (29999, 104428)	0.14417508760602427
  (29999, 79621)	0.07883486501007642
  (0, 154118)	0.3480299821011871
  (0, 54030)	0.36185063337194684
  (0, 27048)	0.36185063337194684
  (0, 165109)	0.36185063337194684
  (0, 179396)	0.217775116133489
  (0, 159750)	0.22850572985243398
  (0, 3631)	0.20753656132319648
  (0, 99894)	0.23134786871098667
  (0, 154115)	0.30699146131278776
  (0, 53050)	0.10518558542436347
  (0, 27047)	0.3480299821011871
  (0, 164835)	0.07635566454850429
  (0, 179297)	0.17926646170450194
  (0, 156352)	0.0794871991827036
  (0, 3295)	0.13826011262220153
  (1, 116325)	0.3406241022250624
  (1, 126169)	0.3406241022250624
  (1, 21737)	0.3406241022250624
  (1, 56326)	0.3406241022250624
  (1, 126113)	0.3406241022250624
  (1, 147334)	0.3406241022250624
  (1, 115657)	0.10564988160878012
  (1, 126164)	0.28313298245885027
  (1, 21699)	0.2260906309153033
  (1, 56325)	0.3004274424069495
  :	:
  (29999, 54182)	0.13400022182349094
  (29999, 26660)	0.1386123165285066
  (29999, 150700)	0.3594692226710046
  (29999, 102386)	0.15228017592341406
  (29999, 120565)	0.15705780209367073
  (29999, 177001)	0.13400022182349094
  (29999, 176992)	0.12859106220188005
  (29999, 150614)	0.11128649981110754
  (29999, 43884)	0.10936182557183902
  (29999, 158004)	0.16512433505907875
  (29999, 87401)	0.14781139364727747
  (29999, 62023)	0.11333127189752557
  (29999, 165542)	0.0975866020167092
  (29999, 42422)	0.15705780209367073
  (29999, 173537)	0.07355468946624573
  (29999, 186125)	0.07898200885517989
  (29999, 26580)	0.07853586027791234
  (29999, 59954)	0.1013834851802079
  (29999, 59691)	0.0766655563996865
  (29999, 166677)	0.09287110063782551
  (29999, 24319)	0.06502679977302192
  (29999, 58052)	0.07429108589054573
  (29999, 53050)	0.05718227419521206
  (29999, 164835)	0.08301880013226397
  (29999, 156352)	0.04321180321749679
  (0, 110394)	0.15205515106059253
  (0, 179651)	0.1696740749457541
  (0, 25029)	0.20412697576717403
  (0, 71057)	0.20412697576717403
  (0, 162955)	0.20412697576717403
  (0, 51250)	0.14262119356159994
  (0, 77279)	0.20412697576717403
  (0, 6260)	0.20412697576717403
  (0, 74674)	0.18300227634589364
  (0, 160878)	0.1865080518820125
  (0, 111234)	0.20412697576717403
  (0, 183609)	0.1907987743670345
  (0, 101652)	0.20412697576717403
  (0, 170898)	0.20412697576717403
  (0, 63988)	0.1865080518820125
  (0, 81635)	0.15634587354561452
  (0, 15262)	0.20412697576717403
  (0, 155499)	0.18300227634589364
  (0, 178103)	0.1865080518820125
  (0, 158663)	0.1244605851217564
  (0, 89590)	0.13114529778577674
  (0, 129765)	0.0878448980144838
  (0, 109952)	0.07197609357850085
  (0, 179482)	0.0879588789650923
  (0, 25027)	0.1963304777460332
  :	:
  (29998, 48390)	0.5001987560182072
  (29998, 36535)	0.31510958732096017
  (29999, 147991)	0.2502451614203786
  (29999, 57414)	0.2502451614203786
  (29999, 7054)	0.2502451614203786
  (29999, 51520)	0.2502451614203786
  (29999, 88520)	0.2502451614203786
  (29999, 63824)	0.2502451614203786
  (29999, 6516)	0.2502451614203786
  (29999, 63810)	0.2502451614203786
  (29999, 165943)	0.2502451614203786
  (29999, 51519)	0.2502451614203786
  (29999, 14652)	0.2406872090797757
  (29999, 148892)	0.21756630652345912
  (29999, 57406)	0.21478982929071308
  (29999, 60213)	0.20800835418285624
  (29999, 81112)	0.18563585768984506
  (29999, 88508)	0.1708685334044954
  (29999, 165850)	0.09904259182031534
  (29999, 80893)	0.0887684323163059
  (29999, 60198)	0.09217439873256207
  (29999, 147764)	0.11129751774005246
  (29999, 14574)	0.12080681617081167
  (29999, 6430)	0.130751954818532
  (29999, 63660)	0.21257093083013667
  (0, 146216)	0.242990846789091
  (0, 158707)	0.242990846789091
  (0, 58302)	0.1606503018944106
  (0, 165040)	0.12160104678302036
  (0, 177928)	0.242990846789091
  (0, 64852)	0.242990846789091
  (0, 152349)	0.242990846789091
  (0, 183217)	0.20397007887829605
  (0, 81230)	0.16227434901013854
  (0, 162460)	0.21784420175969157
  (0, 46531)	0.17122106881282706
  (0, 20390)	0.242990846789091
  (0, 64000)	0.214315775519934
  (0, 160657)	0.20856332328184005
  (0, 163078)	0.242990846789091
  (0, 118695)	0.0923635525572952
  (0, 146215)	0.242990846789091
  (0, 155843)	0.05340636652828319
  (0, 57945)	0.0922685096689464
  (0, 164301)	0.05147316181060354
  (0, 177927)	0.242990846789091
  (0, 64777)	0.14640858245859062
  (0, 152309)	0.12915515088582977
  (0, 182996)	0.10292569424566446
  (0, 80478)	0.0700103296626635
  :	:
  (29998, 75690)	0.19131661975652922
  (29998, 68648)	0.19363423350968148
  (29998, 91567)	0.1263043309476253
  (29998, 145613)	0.1462021188469956
  (29998, 92267)	0.16533093670758914
  (29998, 189391)	0.08503780825653463
  (29998, 75152)	0.09410144400478994
  (29998, 54399)	0.18251899018102677
  (29998, 54392)	0.18054131941559007
  (29998, 164301)	0.06446070046473097
  (29999, 49545)	0.35859505879320636
  (29999, 1342)	0.35859505879320636
  (29999, 52937)	0.3448987520911418
  (29999, 104615)	0.3448987520911418
  (29999, 9850)	0.2980707701771578
  (29999, 9849)	0.2671191577176714
  (29999, 49544)	0.286305231748122
  (29999, 189686)	0.24427289858922835
  (29999, 154444)	0.19604308694640757
  (29999, 154416)	0.18911511568360087
  (29999, 1337)	0.2980707701771578
  (29999, 189391)	0.10021027881664409
  (29999, 52928)	0.10377106603264546
  (29999, 103967)	0.09241933981936043
  (29999, 80478)	0.10331812335015772
  (0, 70085)	0.27361514390096237
  (0, 116166)	0.24042312811162916
  (0, 58629)	0.24846999513666196
  (0, 165794)	0.16221237561789015
  (0, 182)	0.20606368101926562
  (0, 17659)	0.28253552738645404
  (0, 82513)	0.20548407940137833
  (0, 164317)	0.30076148917093015
  (0, 51980)	0.22874939300370095
  (0, 171943)	0.3291736340183962
  (0, 70535)	0.316601059636246
  (0, 167230)	0.12955322315796458
  (0, 69914)	0.14987777465036864
  (0, 115835)	0.10308609828634378
  (0, 58390)	0.12480171515768598
  (0, 165088)	0.06996086373019944
  (0, 179)	0.20548407940137833
  (0, 17658)	0.15079910574440328
  (0, 82504)	0.1641188917943319
  (0, 164202)	0.1368153856013553
  (0, 51837)	0.17094368666555668
  (0, 171857)	0.1546735756124832
  (0, 70358)	0.17113275910338174
  (1, 41205)	0.1974903779332685
  (1, 68222)	0.17418476483285164
  :	:
  (29999, 167471)	0.24034875824702523
  (29999, 58764)	0.24034875824702523
  (29999, 44701)	0.24034875824702523
  (29999, 42624)	0.24034875824702523
  (29999, 96152)	0.24034875824702523
  (29999, 171293)	0.24034875824702523
  (29999, 44700)	0.24034875824702523
  (29999, 123634)	0.224655503378822
  (29999, 184022)	0.23116879263486664
  (29999, 102417)	0.21960340373651954
  (29999, 42622)	0.2119854768178737
  (29999, 73625)	0.1882168940001131
  (29999, 171281)	0.18605901615662934
  (29999, 89701)	0.1906023172863016
  (29999, 89669)	0.15177828462140416
  (29999, 26487)	0.16702319650281497
  (29999, 138214)	0.18505260242671784
  (29999, 96122)	0.14336586983509503
  (29999, 138122)	0.10285150171545399
  (29999, 102178)	0.10957442747826943
  (29999, 73518)	0.10597930564038174
  (29999, 26394)	0.10185643153053343
  (29999, 191158)	0.09732447963212484
  (29999, 167230)	0.09459432073218951
  (29999, 58390)	0.09112496921175776
  (0, 58431)	0.1487938170740138
  (0, 108048)	0.17055817562613754
  (0, 26451)	0.17408221829315274
  (0, 190390)	0.1227984422350211
  (0, 65971)	0.20519059611234503
  (0, 113553)	0.20519059611234503
  (0, 100334)	0.1973534737989704
  (0, 183247)	0.20519059611234503
  (0, 80702)	0.1973534737989704
  (0, 135438)	0.20519059611234503
  (0, 114026)	0.20519059611234503
  (0, 137780)	0.1917929470259286
  (0, 90017)	0.20519059611234503
  (0, 53889)	0.17223999433380538
  (0, 60371)	0.16499764885309579
  (0, 155166)	0.155613403303253
  (0, 107585)	0.20519059611234503
  (0, 190810)	0.14777628098987833
  (0, 3833)	0.16272105331276288
  (0, 148923)	0.1973534737989704
  (0, 80513)	0.14416981294466372
  (0, 93850)	0.18097628909200975
  (0, 14379)	0.08497376167912096
  (0, 58407)	0.07776871524691784
  (0, 107996)	0.10661669621941224
  :	:
  (29999, 82798)	0.25777451343713287
  (29999, 77449)	0.2310979358100914
  (29999, 93018)	0.22411242034041456
  (29999, 192209)	0.24094346688877372
  (29999, 136507)	0.1920174559630993
  (29999, 166812)	0.167899249477326
  (29999, 97856)	0.20442135818304988
  (29999, 75220)	0.19743584271337308
  (29999, 92989)	0.1397682211399797
  (29999, 53943)	0.14287655808290875
  (29999, 31837)	0.19846927813870988
  (29999, 31794)	0.14784452805009285
  (29999, 70539)	0.15018512134245635
  (29999, 168426)	0.12375064011155831
  (29999, 75047)	0.11318594292228161
  (29999, 164556)	0.15077025971379188
  (29999, 161020)	0.11563607546473735
  (29999, 97564)	0.08228956602522546
  (29999, 122466)	0.1704243347088058
  (29999, 192067)	0.1304299057332745
  (29999, 136462)	0.13659649306825794
  (29999, 164312)	0.10506975165414842
  (29999, 76634)	0.07540573255209687
  (29999, 165207)	0.10926608517694661
  (29999, 53344)	0.07526657992263294
  (0, 109432)	0.2985193760072689
  (0, 106758)	0.23659746078467736
  (0, 3615)	0.23659746078467736
  (0, 166897)	0.25288508021034356
  (0, 70149)	0.32275885986077674
  (0, 7365)	0.3469983437142847
  (0, 48069)	0.3469983437142847
  (0, 103479)	0.2789495094100034
  (0, 62038)	0.2150642027311034
  (0, 53732)	0.22719434316638545
  (0, 109302)	0.16296110395097238
  (0, 105463)	0.09507442417607762
  (0, 3386)	0.1388350492697286
  (0, 166854)	0.07832038720366755
  (0, 70093)	0.23514015895923002
  (0, 6570)	0.09717091923799606
  (0, 48065)	0.20267169838804555
  (0, 103416)	0.1702362312413931
  (0, 61793)	0.13606216941692875
  (1, 133860)	1.0
  (2, 116932)	0.22626773107047174
  (2, 25301)	0.23818409602862306
  (2, 116909)	0.23818409602862306
  (2, 157708)	0.23147314730608368
  (2, 112853)	0.17662107173603978
  :	:
  (29998, 163940)	0.11514159550871347
  (29998, 166854)	0.06664422775122923
  (29999, 9797)	0.2831092147234406
  (29999, 65144)	0.2831092147234406
  (29999, 167670)	0.2831092147234406
  (29999, 53797)	0.2831092147234406
  (29999, 142581)	0.2831092147234406
  (29999, 108727)	0.2831092147234406
  (29999, 142580)	0.2831092147234406
  (29999, 59227)	0.2646239723007379
  (29999, 110266)	0.2019161623659145
  (29999, 16799)	0.21684031382131155
  (29999, 65139)	0.18867690171759055
  (29999, 12456)	0.21001493733898266
  (29999, 9793)	0.21001493733898266
  (29999, 59206)	0.10673973081027646
  (29999, 108579)	0.1280149076006458
  (29999, 110093)	0.1411521634037614
  (29999, 189185)	0.17304445249357728
  (29999, 189178)	0.1363441682125821
  (29999, 16364)	0.09837424461734616
  (29999, 98526)	0.08891591363832095
  (29999, 12098)	0.09953712760240552
  (29999, 53732)	0.17326039349181757
  (29999, 166854)	0.059727812392763285
  (0, 2206)	0.22257590246399597
  (0, 18988)	0.22257590246399597
  (0, 47313)	0.22257590246399597
  (0, 42042)	0.22257590246399597
  (0, 85238)	0.1680068744499644
  (0, 15637)	0.22257590246399597
  (0, 55170)	0.22257590246399597
  (0, 68642)	0.22257590246399597
  (0, 142476)	0.21407475960136194
  (0, 71652)	0.22257590246399597
  (0, 53339)	0.22257590246399597
  (0, 17725)	0.21407475960136194
  (0, 83276)	0.14141076103603833
  (0, 189927)	0.20336458622592474
  (0, 69549)	0.22257590246399597
  (0, 2196)	0.16379953276666281
  (0, 18987)	0.15508767056172404
  (0, 47300)	0.12421523525090872
  (0, 41985)	0.0867127086266665
  (0, 85082)	0.07456114900297851
  (0, 15636)	0.22257590246399597
  (0, 55168)	0.19630997537131112
  (0, 68586)	0.10784209713869604
  (0, 142447)	0.12846536551656387
  (0, 71528)	0.22821999518733802
  :	:
  (29998, 88455)	0.3632363301633225
  (29998, 71892)	0.3632363301633225
  (29998, 40515)	0.3632363301633225
  (29998, 62301)	0.3632363301633225
  (29998, 88454)	0.3632363301633225
  (29998, 40514)	0.3632363301633225
  (29998, 54062)	0.29208522023183137
  (29998, 47977)	0.23077756987930015
  (29998, 71780)	0.19464319513835004
  (29998, 62212)	0.14475763792270255
  (29998, 53605)	0.10461071125363725
  (29999, 132541)	0.3342573521352275
  (29999, 176778)	0.3342573521352275
  (29999, 173764)	0.3342573521352275
  (29999, 173763)	0.3342573521352275
  (29999, 157292)	0.24154679067611126
  (29999, 112205)	0.2668738074324046
  (29999, 61688)	0.2996657158917964
  (29999, 142177)	0.2355310985883134
  (29999, 132505)	0.2293373476043815
  (29999, 176705)	0.2587556288411578
  (29999, 176618)	0.3224689002110335
  (29999, 157182)	0.15917003677412278
  (29999, 61353)	0.12415736913878213
  (29999, 111641)	0.11815553447460365
  (0, 139755)	0.24381878477497906
  (0, 36885)	0.24381878477497906
  (0, 157728)	0.24381878477497906
  (0, 38499)	0.24381878477497906
  (0, 111495)	0.24381878477497906
  (0, 41177)	0.17680502103104867
  (0, 38519)	0.24381878477497906
  (0, 118456)	0.24381878477497906
  (0, 12736)	0.24381878477497906
  (0, 37737)	0.24381878477497906
  (0, 147519)	0.24381878477497906
  (0, 139751)	0.22277391995700063
  (0, 36883)	0.23450628374041085
  (0, 156978)	0.05316537288207303
  (0, 38494)	0.21197913343634608
  (0, 111366)	0.08564096212581072
  (0, 41130)	0.13874932289467692
  (0, 38518)	0.24381878477497906
  (0, 118454)	0.19605930776702965
  (0, 12734)	0.21858645807109436
  (0, 37736)	0.22277391995700063
  (1, 165925)	0.10695237759437384
  (1, 174264)	0.13677301121448038
  (1, 27827)	0.1629388904033739
  (1, 189451)	0.2080693137916489
  :	:
  (29998, 165386)	0.1316998251560717
  (29998, 111366)	0.07260073505933326
  (29999, 117695)	0.30339825782332497
  (29999, 4682)	0.30339825782332497
  (29999, 181843)	0.30339825782332497
  (29999, 181842)	0.30339825782332497
  (29999, 190274)	0.249902577503294
  (29999, 121828)	0.27200016858318377
  (29999, 75670)	0.23486695652583797
  (29999, 182434)	0.2207920906361456
  (29999, 166719)	0.24396829170263423
  (29999, 121812)	0.21505696781894101
  (29999, 183412)	0.23121350785433117
  (29999, 182348)	0.13553424261779676
  (29999, 117646)	0.1969187873892167
  (29999, 525)	0.1888695871878926
  (29999, 10612)	0.16816440938300764
  (29999, 4592)	0.1629956989776041
  (29999, 10106)	0.11685160514631397
  (29999, 119594)	0.11666405948445582
  (29999, 183406)	0.1440930808446774
  (29999, 230)	0.12908458827216998
  (29999, 165386)	0.06443923616591563
  (29999, 190253)	0.08497665698952098
  (29999, 75669)	0.09215329220344154
  (0, 18885)	0.20057342021015284
  (0, 106749)	0.20057342021015284
  (0, 28817)	0.20057342021015284
  (0, 53599)	0.20057342021015284
  (0, 69219)	0.19291264794874663
  (0, 24926)	0.19291264794874663
  (0, 187535)	0.20057342021015284
  (0, 34942)	0.18747724352880688
  (0, 190054)	0.20057342021015284
  (0, 36570)	0.1701650396381269
  (0, 167910)	0.19291264794874663
  (0, 47844)	0.1701650396381269
  (0, 56001)	0.20057342021015284
  (0, 9029)	0.20057342021015284
  (0, 6605)	0.1832612163194729
  (0, 72281)	0.1743810668474609
  (0, 96722)	0.19291264794874663
  (0, 41644)	0.20057342021015284
  (0, 126999)	0.17690398082498618
  (0, 18884)	0.20057342021015284
  (0, 106745)	0.165207984544053
  (0, 28812)	0.1667202945860547
  (0, 53447)	0.05808746214381738
  (0, 69199)	0.1286511417526225
  (0, 24716)	0.06676517444324569
  :	:
  (29998, 151633)	0.15997826032759213
  (29998, 107316)	0.12209868623777508
  (29998, 15194)	0.229948576930327
  (29998, 113056)	0.08238087417636188
  (29998, 104306)	0.0692236686501793
  (29998, 6537)	0.06986629834791877
  (29999, 1320)	0.34221375133043763
  (29999, 95182)	0.34221375133043763
  (29999, 145668)	0.3018294988437451
  (29999, 67540)	0.2844543278637346
  (29999, 191369)	0.32914311808842006
  (29999, 95181)	0.31986935621809487
  (29999, 58846)	0.26798727744348244
  (29999, 1313)	0.27726103931380763
  (29999, 54628)	0.20303456542685236
  (29999, 107493)	0.1836125179486825
  (29999, 107316)	0.1559644958295459
  (29999, 145625)	0.18592915458189094
  (29999, 191007)	0.13703870382062192
  (29999, 66909)	0.11177861983021915
  (29999, 165739)	0.16893548093032845
  (29999, 58414)	0.12880809153989717
  (29999, 165037)	0.07260804609644966
  (29999, 53447)	0.0991074904375306
  (29999, 189884)	0.09534960616720634
  (0, 67083)	0.2457730001698782
  (0, 59752)	0.2498193280742031
  (0, 119855)	0.2680138685176626
  (0, 48369)	0.2680138685176626
  (0, 104498)	0.2275784597264187
  (0, 115960)	0.14256582787287317
  (0, 173241)	0.18894449249057707
  (0, 188769)	0.2786569923949409
  (0, 56144)	0.2498193280742031
  (0, 122488)	0.2604624519514814
  (0, 144411)	0.2786569923949409
  (0, 126978)	0.2786569923949409
  (0, 92488)	0.15244805287212299
  (0, 66697)	0.0904472821392538
  (0, 59627)	0.10862163867301522
  (0, 119842)	0.1868765595775242
  (0, 48331)	0.1796251368282563
  (0, 103910)	0.072066630077587
  (0, 115470)	0.08714997834538595
  (0, 172984)	0.10365488837331202
  (0, 188696)	0.16204106978944066
  (0, 55642)	0.11646385157936451
  (0, 122483)	0.19874079540568088
  (0, 144129)	0.12148462078960809
  (0, 126935)	0.18570973755968848
  :	:
  (29998, 95352)	0.22664985516964234
  (29998, 8786)	0.20003620199861724
  (29998, 176785)	0.18169420905684788
  (29998, 95335)	0.20956953301183212
  (29998, 161542)	0.1321885596977793
  (29998, 97019)	0.11474045866003885
  (29998, 164335)	0.0770497644857559
  (29998, 176633)	0.16067726545772465
  (29999, 129558)	0.3479818684813879
  (29999, 114802)	0.3479818684813879
  (29999, 181569)	0.30691692710217955
  (29999, 189614)	0.28924889231602197
  (29999, 81086)	0.29867896627108975
  (29999, 129548)	0.29210108158507003
  (29999, 40781)	0.21269647463745392
  (29999, 90457)	0.3119699090228332
  (29999, 114729)	0.18842653208019494
  (29999, 181390)	0.25921334198688306
  (29999, 89878)	0.13303069200728582
  (29999, 181300)	0.15554299525118184
  (29999, 40466)	0.13854049762553816
  (29999, 91281)	0.20538194101512625
  (29999, 181555)	0.1928757462517941
  (29999, 189131)	0.09724439645378989
  (29999, 80584)	0.10118050701058204
  (0, 101245)	0.2173278290496492
  (0, 54416)	0.2173278290496492
  (0, 75405)	0.1948369992742172
  (0, 61611)	0.17351631857609653
  (0, 82426)	0.1587327510043103
  (0, 182687)	0.2173278290496492
  (0, 152067)	0.2173278290496492
  (0, 111591)	0.1498553397233531
  (0, 155932)	0.1948369992742172
  (0, 54777)	0.14454261731647938
  (0, 99511)	0.2173278290496492
  (0, 158431)	0.2173278290496492
  (0, 174997)	0.17749108739646166
  (0, 166938)	0.15358783310663382
  (0, 175036)	0.14483718406041313
  (0, 100118)	0.2173278290496492
  (0, 113772)	0.17234616949878515
  (0, 56146)	0.19168122108429256
  (0, 88896)	0.2173278290496492
  (0, 163118)	0.10704935452386544
  (0, 101243)	0.2090271329620481
  (0, 75391)	0.13807646452289346
  (0, 61422)	0.08103793471712942
  (0, 82207)	0.07592225632381791
  (0, 182686)	0.1865363031866161
  :	:
  (29997, 104399)	0.0715159905384236
  (29997, 156539)	0.06078588012090371
  (29998, 57800)	0.38835695417655763
  (29998, 16341)	0.38835695417655763
  (29998, 57799)	0.38835695417655763
  (29998, 105139)	0.3629996995513103
  (29998, 60741)	0.3294792322529833
  (29998, 156274)	0.28261910414679997
  (29998, 56716)	0.26044496806188494
  (29998, 187435)	0.2339956088892411
  (29998, 187424)	0.18528519045859515
  (29998, 56412)	0.15989243579611423
  (29998, 16105)	0.13622349815685428
  (29998, 104399)	0.09975912802203415
  (29998, 155431)	0.12785648113772846
  (29999, 155228)	0.4317151638881214
  (29999, 109418)	0.37533862051192307
  (29999, 109514)	0.40352689220002225
  (29999, 45265)	0.35884953861424523
  (29999, 61692)	0.27601549878473786
  (29999, 88285)	0.24187533937274033
  (29999, 88212)	0.19829454763280985
  (29999, 109289)	0.37975815068315355
  (29999, 155175)	0.19234450167335437
  (29999, 61422)	0.16097940802403135
  (0, 122596)	0.24221655884362442
  (0, 63170)	0.24221655884362442
  (0, 55892)	0.24221655884362442
  (0, 13675)	0.24221655884362442
  (0, 6209)	0.17895571707425884
  (0, 6537)	0.20789873830171632
  (0, 35052)	0.24221655884362442
  (0, 157621)	0.21715004335149968
  (0, 77825)	0.10450784177272213
  (0, 147246)	0.24221655884362442
  (0, 140169)	0.24221655884362442
  (0, 125701)	0.24221655884362442
  (0, 53289)	0.24221655884362442
  (0, 78152)	0.1744420209222412
  (0, 122579)	0.15982795757663892
  (0, 62992)	0.11196226119261428
  (0, 55859)	0.13980147186438538
  (0, 13633)	0.1272908004629605
  (0, 6121)	0.11140163039127038
  (0, 6488)	0.06325613440630566
  (0, 35051)	0.20549477739099595
  (0, 156898)	0.053210238496607734
  (0, 76766)	0.07089212357087037
  (0, 147245)	0.24221655884362442
  (0, 140164)	0.21363286040728188
  :	:
  (29998, 60697)	0.08867774212146586
  (29998, 91902)	0.15090421141167962
  (29998, 62016)	0.0919796459796949
  (29998, 71386)	0.12285646192581917
  (29998, 104432)	0.05845434468795168
  (29998, 165371)	0.0954329546273807
  (29998, 116017)	0.07065783493991531
  (29999, 103089)	0.283278672135407
  (29999, 63148)	0.283278672135407
  (29999, 109338)	0.283278672135407
  (29999, 143051)	0.283278672135407
  (29999, 150091)	0.283278672135407
  (29999, 109445)	0.283278672135407
  (29999, 137924)	0.283278672135407
  (29999, 85988)	0.283278672135407
  (29999, 163855)	0.2119202715552835
  (29999, 150074)	0.21382712044267502
  (29999, 163809)	0.1702935289502099
  (29999, 159004)	0.2110156245734189
  (29999, 143018)	0.1929678077101672
  (29999, 103071)	0.18656483680328043
  (29999, 137896)	0.19079713753188587
  (29999, 109263)	0.25377268950733783
  (29999, 62992)	0.13094282583874722
  (29999, 156898)	0.06223078131936772
  (0, 187237)	0.40002219831516356
  (0, 168096)	0.37390327697400666
  (0, 98622)	0.29007581696903273
  (0, 54440)	0.21262087878528166
  (0, 123963)	0.38474360877130126
  (0, 110985)	0.38474360877130126
  (0, 79263)	0.2660508586590459
  (0, 187101)	0.16137384616389006
  (0, 167768)	0.15954491549954114
  (0, 97974)	0.12677963951936658
  (0, 53838)	0.11482353771434331
  (0, 123959)	0.3151898350697511
  (0, 110581)	0.15456507378740195
  (1, 148801)	0.2810618653091586
  (1, 167353)	0.19283938645174561
  (1, 192007)	0.2703268888639072
  (1, 169439)	0.2568024180053793
  (1, 180272)	0.20684091002894617
  (1, 129729)	0.2810618653091586
  (1, 98461)	0.2810618653091586
  (1, 91038)	0.22009929111428106
  (1, 85288)	0.2076556115269621
  (1, 192829)	0.2568024180053793
  (1, 92923)	0.26271030186360944
  (1, 49652)	0.2810618653091586
  :	:
  (29998, 22489)	0.2643668619131163
  (29998, 149212)	0.2677841958512183
  (29998, 111012)	0.251547612936268
  (29998, 144711)	0.23041864365404177
  (29998, 81746)	0.251547612936268
  (29998, 150827)	0.20790860580003834
  (29998, 149205)	0.2258035717442153
  (29998, 127569)	0.2088446161407158
  (29998, 72593)	0.13651117237819152
  (29998, 39736)	0.1483342888049398
  (29998, 144386)	0.10013007461985082
  (29998, 81593)	0.08889435106384466
  (29998, 97974)	0.09761676530050978
  (29998, 110581)	0.11901077009495645
  (29999, 139504)	0.41929495693888463
  (29999, 185969)	0.41929495693888463
  (29999, 139503)	0.41929495693888463
  (29999, 74106)	0.3759029461529343
  (29999, 106041)	0.29999690193840667
  (29999, 189498)	0.22890776407430602
  (29999, 12526)	0.28303041817097396
  (29999, 73998)	0.23418186822259549
  (29999, 12133)	0.14606557517044058
  (29999, 185277)	0.14415713099252364
  (29999, 105128)	0.10868068376731922
  (0, 155436)	0.3483487635913501
  (0, 80955)	0.3043689194805299
  (0, 60174)	0.3726825806928361
  (0, 165388)	0.17588373909878596
  (0, 73895)	0.3726825806928361
  (0, 62037)	0.35844821018905965
  (0, 148696)	0.30697057449800236
  (0, 62870)	0.17381622442230396
  (0, 155133)	0.1221751622601443
  (0, 80873)	0.2126286305933727
  (0, 60029)	0.1456530230044596
  (0, 164689)	0.07920803049801199
  (0, 73883)	0.29554620548231114
  (0, 61871)	0.15167922703209447
  (0, 148582)	0.1624324407027609
  (1, 96369)	0.2137448274630803
  (1, 144256)	0.22223286835961736
  (1, 116268)	0.22223286835961736
  (1, 78355)	0.22223286835961736
  (1, 109843)	0.22223286835961736
  (1, 117987)	0.19600742232834198
  (1, 91441)	0.22223286835961736
  (1, 67407)	0.1992344257089972
  (1, 121786)	0.18854075885870897
  (1, 106487)	0.22223286835961736
  :	:
  (29999, 165700)	0.1857066676025038
  (29999, 94109)	0.1857066676025038
  (29999, 166463)	0.1857066676025038
  (29999, 152758)	0.15768899425858865
  (29999, 97033)	0.17029598169920748
  (29999, 58663)	0.1450820068179698
  (29999, 115959)	0.13814567910826467
  (29999, 7237)	0.14788570528064718
  (29999, 96972)	0.10968971857423
  (29999, 60309)	0.09883480502872045
  (29999, 75991)	0.11304294639803382
  (29999, 7218)	0.14102346336894245
  (29999, 58447)	0.07311697415238252
  (29999, 60725)	0.08431407117726623
  (29999, 60619)	0.07755526612656578
  (29999, 97206)	0.060981939456689276
  (29999, 22373)	0.1385947892908256
  (29999, 144480)	0.08433707945137961
  (29999, 75753)	0.05931985905040733
  (29999, 6526)	0.10104873545775188
  (29999, 104191)	0.05011292030062827
  (29999, 81028)	0.056121503644212326
  (29999, 115622)	0.0607098572754368
  (29999, 60029)	0.07546065724284813
  (29999, 164689)	0.12310949509318193
  (0, 144670)	0.41699576383331943
  (0, 50270)	0.345676927449292
  (0, 41996)	0.3557057388883609
  (0, 172973)	0.47320483076176
  (0, 180930)	0.2207715690447463
  (0, 144002)	0.16383077836037999
  (0, 50155)	0.23703381624841266
  (0, 41939)	0.19982519926748746
  (0, 172971)	0.42950769526945415
  (1, 171003)	0.2926113807655528
  (1, 54436)	0.2926113807655528
  (1, 119967)	0.2926113807655528
  (1, 92832)	0.2926113807655528
  (1, 76096)	0.2926113807655528
  (1, 51265)	0.27350570695561743
  (1, 29587)	0.2926113807655528
  (1, 157331)	0.2926113807655528
  (1, 12662)	0.14615997308823106
  (1, 173701)	0.10698138023000756
  (1, 170994)	0.23362332282032752
  (1, 53379)	0.08525158864175551
  (1, 119965)	0.27350570695561743
  (1, 92747)	0.1510499744094142
  (1, 75745)	0.08933960763327663
  (1, 51202)	0.15974677444904511
  :	:
  (29998, 181812)	0.08948572541794847
  (29998, 40770)	0.17129151207719182
  (29998, 183656)	0.09071240689445134
  (29998, 86818)	0.18248507600051367
  (29998, 155693)	0.07129622839987422
  (29998, 95689)	0.1434528018780399
  (29998, 95635)	0.10621260641883268
  (29998, 97503)	0.06814074902080045
  (29998, 165290)	0.04580291289745299
  (29998, 75745)	0.13143987192457557
  (29998, 41939)	0.16992237298019577
  (29999, 49120)	0.31976243735668874
  (29999, 41563)	0.31976243735668874
  (29999, 153768)	0.31976243735668874
  (29999, 85119)	0.31976243735668874
  (29999, 66723)	0.2921626063008111
  (29999, 184426)	0.21267087522635508
  (29999, 49108)	0.25195069252769486
  (29999, 66694)	0.16605634306623016
  (29999, 178221)	0.2246696079346787
  (29999, 84504)	0.10686019323425495
  (29999, 184329)	0.1519794581613816
  (29999, 41532)	0.1688357906178151
  (29999, 177896)	0.1158350073558099
  (29999, 153763)	0.49239173626475746
  (0, 51805)	0.24542909649158187
  (0, 51303)	0.24542909649158187
  (0, 84443)	0.1696643184962793
  (0, 181030)	0.24542909649158187
  (0, 114369)	0.24542909649158187
  (0, 146808)	0.2360550906408828
  (0, 3707)	0.22940412764461715
  (0, 57881)	0.24542909649158187
  (0, 181697)	0.24542909649158187
  (0, 47525)	0.24542909649158187
  (0, 157796)	0.24542909649158187
  (0, 144578)	0.1879801840999886
  (0, 160478)	0.12068056560652655
  (0, 51801)	0.21337915879765243
  (0, 51286)	0.14927928340979355
  (0, 84243)	0.08260737251747136
  (0, 181028)	0.22940412764461715
  (0, 113095)	0.07483275175680497
  (0, 146807)	0.22424523995308449
  (0, 3374)	0.09165045459980568
  (0, 57880)	0.24542909649158187
  (0, 181613)	0.12005988019147656
  (0, 47524)	0.2360550906408828
  (0, 156752)	0.054000800410379586
  (0, 143996)	0.07901326041387038
  :	:
  (29999, 16206)	0.22547476520624296
  (29999, 181166)	0.21765316383707276
  (29999, 4127)	0.23734936870511414
  (29999, 104639)	0.19324909933291007
  (29999, 66241)	0.19000020661350847
  (29999, 4119)	0.1795854668467802
  (29999, 26035)	0.1771362663962436
  (29999, 159365)	0.16890322235392877
  (29999, 133193)	0.15426347339018134
  (29999, 140814)	0.1616119687978352
  (29999, 140804)	0.12396192415193366
  (29999, 41810)	0.14719892902225176
  (29999, 56948)	0.14752179399257837
  (29999, 66005)	0.11172437042951731
  (29999, 181101)	0.10639127973916628
  (29999, 15958)	0.08505251616757063
  (29999, 162393)	0.09047320716283762
  (29999, 91877)	0.10166864790194576
  (29999, 116523)	0.12443877993313072
  (29999, 104371)	0.06328588908184711
  (29999, 116033)	0.07752037903124648
  (29999, 66586)	0.08079769633713181
  (29999, 41731)	0.09666308384147096
  (29999, 84243)	0.08306030454237653
  (29999, 156752)	0.05429688405438123
  (0, 162763)	0.1944027909392822
  (0, 120847)	0.2879977013864468
  (0, 60689)	0.2879977013864468
  (0, 179662)	0.2581933854554276
  (0, 8437)	0.20958463981868455
  (0, 55228)	0.237217472532118
  (0, 81751)	0.2229450626920234
  (0, 15974)	0.2769978151611514
  (0, 47510)	0.2879977013864468
  (0, 59311)	0.2879977013864468
  (0, 180425)	0.15048310790761626
  (0, 162203)	0.10475165849522772
  (0, 120845)	0.263139597450116
  (0, 60616)	0.1419837193844781
  (0, 179577)	0.1236828597282839
  (0, 6519)	0.07580389540166202
  (0, 55222)	0.1671554575362807
  (0, 81528)	0.10052907333667534
  (0, 15963)	0.21277998256355155
  (0, 47503)	0.16375062295904413
  (0, 59310)	0.2879977013864468
  (1, 31465)	0.24930303139551024
  (1, 191254)	0.24930303139551024
  (1, 119419)	0.24930303139551024
  (1, 191902)	0.24930303139551024
  :	:
  (29999, 141234)	0.23890029149032427
  (29999, 57322)	0.23890029149032427
  (29999, 109815)	0.23890029149032427
  (29999, 149939)	0.23890029149032427
  (29999, 45330)	0.23890029149032427
  (29999, 98018)	0.23890029149032427
  (29999, 57321)	0.23890029149032427
  (29999, 149938)	0.23890029149032427
  (29999, 45325)	0.21417696998701838
  (29999, 44656)	0.22977564913056708
  (29999, 167685)	0.22330161234677556
  (29999, 184996)	0.18823691232661383
  (29999, 190559)	0.18823691232661383
  (29999, 177810)	0.1967769987805463
  (29999, 86730)	0.15323463713717325
  (29999, 182045)	0.17263823318306515
  (29999, 97996)	0.1437790456211571
  (29999, 44622)	0.1527400208082787
  (29999, 141212)	0.156168317351779
  (29999, 91888)	0.09820658971254301
  (29999, 86512)	0.10012925676737783
  (29999, 181752)	0.10022391153171907
  (29999, 184438)	0.0826513129682623
  (29999, 109600)	0.09179768795843357
  (29999, 190065)	0.06706893132962251
  (0, 105866)	0.386617909014376
  (0, 79886)	0.2604432970574816
  (0, 140077)	0.40197092907103443
  (0, 136195)	0.40197092907103443
  (0, 33684)	0.3672753912728933
  (0, 179236)	0.386617909014376
  (0, 103927)	0.10363426446488003
  (0, 79112)	0.11171446513887273
  (0, 140058)	0.25825394706466615
  (0, 136106)	0.2110005954322142
  (0, 33588)	0.20182534594481583
  (1, 36726)	0.19207580672136146
  (1, 121961)	0.19207580672136146
  (1, 16688)	0.17953447049446056
  (1, 81542)	0.16940916096249276
  (1, 7285)	0.19207580672136146
  (1, 31847)	0.1847395953196887
  (1, 144658)	0.19207580672136146
  (1, 80164)	0.1754970620155925
  (1, 107004)	0.1754970620155925
  (1, 3537)	0.164862047691115
  (1, 111528)	0.164862047691115
  (1, 81152)	0.14369156990447282
  (1, 90046)	0.12698847196981947
  (1, 178855)	0.19207580672136146
  :	:
  (29998, 155114)	0.0665933933653675
  (29998, 164559)	0.04318119189300492
  (29998, 108426)	0.10092291562968746
  (29998, 66718)	0.06627760623243369
  (29998, 189497)	0.05697788351839159
  (29998, 79112)	0.05656458207807953
  (29999, 188020)	0.2884602751366781
  (29999, 170811)	0.2884602751366781
  (29999, 25589)	0.2884602751366781
  (29999, 188384)	0.2884602751366781
  (29999, 170810)	0.2884602751366781
  (29999, 93456)	0.2696256422886095
  (29999, 60064)	0.2635622448179279
  (29999, 62144)	0.22330315073664506
  (29999, 25587)	0.2635622448179279
  (29999, 144277)	0.2586080883576385
  (29999, 180437)	0.2696256422886095
  (29999, 187714)	0.212285596805674
  (29999, 188371)	0.1458848240408719
  (29999, 93135)	0.1154431861344966
  (29999, 187968)	0.1942871108963352
  (29999, 143604)	0.093152716337213
  (29999, 62123)	0.16888431129953965
  (29999, 59842)	0.1117623581027307
  (29999, 180337)	0.12558857060546286
  (0, 104719)	0.3055594919855098
  (0, 184535)	0.17319965684684746
  (0, 22739)	0.31769359363878186
  (0, 127863)	0.31769359363878186
  (0, 125424)	0.31769359363878186
  (0, 158354)	0.31769359363878186
  (0, 51471)	0.2695289480414704
  (0, 84470)	0.22136430244415894
  (0, 62440)	0.2969502098521069
  (0, 103947)	0.08182706084106851
  (0, 184002)	0.11028899502879974
  (0, 22696)	0.20844261910265363
  (0, 127859)	0.23037528694343018
  (0, 125423)	0.3055594919855098
  (0, 155963)	0.06934464750869189
  (0, 51410)	0.19541512642197664
  (0, 84260)	0.10652783247114159
  (1, 165420)	0.17947360115905872
  (1, 91078)	0.15724150433431536
  (1, 5017)	0.2407557268206778
  (1, 163636)	0.2575736588328102
  (1, 137315)	0.2407557268206778
  (1, 158714)	0.2162111050820794
  (1, 80325)	0.15233733552086143
  (1, 161943)	0.14893937703354987
  :	:
  (29999, 191175)	0.19989935437726505
  (29999, 96982)	0.17632789722673178
  (29999, 7603)	0.18632887420788194
  (29999, 3485)	0.19989935437726505
  (29999, 53139)	0.15071327297092357
  (29999, 26605)	0.15481919504147945
  (29999, 96881)	0.11888865836298321
  (29999, 90543)	0.16593922313223924
  (29999, 58540)	0.14092510313330017
  (29999, 190596)	0.1415777657175931
  (29999, 26589)	0.08232266569870798
  (29999, 189697)	0.11354489666732291
  (29999, 121536)	0.10526617799186726
  (29999, 183211)	0.1576208325801029
  (29999, 190772)	0.08312724445674301
  (29999, 58160)	0.07882568886630519
  (29999, 3434)	0.07912397539643881
  (29999, 6543)	0.10892618234017422
  (29999, 89975)	0.07984762518696598
  (29999, 189645)	0.11607759658456802
  (29999, 10154)	0.07970636869797829
  (29999, 16130)	0.07213277469930307
  (29999, 183122)	0.08752531885400032
  (29999, 53126)	0.06054237442098476
  (29999, 155963)	0.045365798249081685
  (0, 118518)	0.2076223801627338
  (0, 80729)	0.26370285335990684
  (0, 96225)	0.26370285335990684
  (0, 55742)	0.28212375124581884
  (0, 155725)	0.27134821675294674
  (0, 69146)	0.23681881254151793
  (0, 112314)	0.28212375124581884
  (0, 190856)	0.23935175091146857
  (0, 10714)	0.15478212268651675
  (0, 115770)	0.25292731886703473
  (0, 74252)	0.24883065078299527
  (0, 189112)	0.27134821675294674
  (0, 145569)	0.15297064991874404
  (0, 118284)	0.13319432150690988
  (0, 79964)	0.07897982098756841
  (0, 96174)	0.15478212268651675
  (0, 55730)	0.21839791465560598
  (0, 155456)	0.09306511733012836
  (0, 69112)	0.17789441530515332
  (0, 112129)	0.10325783891877306
  (0, 190301)	0.07860070274616696
  (0, 10194)	0.10674540672058538
  (0, 115762)	0.15793987628807643
  (0, 74151)	0.1248247787548121
  (0, 189043)	0.14158415201212565
  :	:
  (29999, 57200)	0.1834956909472549
  (29999, 138583)	0.1834956909472549
  (29999, 129445)	0.1834956909472549
  (29999, 38288)	0.17648719152682601
  (29999, 134192)	0.17648719152682601
  (29999, 142012)	0.17648719152682601
  (29999, 33080)	0.17648719152682601
  (29999, 89298)	0.17648719152682601
  (29999, 84543)	0.1398382531411073
  (29999, 163118)	0.15567641759685444
  (29999, 168587)	0.15953347315794822
  (29999, 90479)	0.14866791817642555
  (29999, 89285)	0.1428519664997128
  (29999, 126149)	0.16450608263217267
  (29999, 158907)	0.1525249737375193
  (29999, 48617)	0.13850797489666147
  (29999, 183071)	0.15953347315794822
  (29999, 183008)	0.09550288191995851
  (29999, 170418)	0.11316221199059497
  (29999, 162996)	0.10524249843628894
  (29999, 126139)	0.130464130924603
  (29999, 5473)	0.08302376034959041
  (29999, 67361)	0.05921726511250102
  (29999, 113285)	0.055665310293813074
  (29999, 156551)	0.040338815292321015
  (0, 133196)	0.27298549234295993
  (0, 101457)	0.456145526742821
  (0, 60992)	0.40564238710384554
  (0, 76782)	0.3896307496961269
  (0, 110991)	0.35145968909435604
  (0, 111623)	0.17958315049758647
  (0, 133101)	0.2332779143259288
  (0, 101433)	0.3294137439603157
  (0, 60766)	0.1786948148590359
  (0, 76349)	0.14257963391864498
  (0, 110740)	0.17345172870192518
  (1, 110992)	0.2772406612803787
  (1, 34685)	0.2772406612803787
  (1, 99601)	0.2772406612803787
  (1, 90127)	0.2533110356607728
  (1, 167058)	0.2772406612803787
  (1, 42488)	0.2772406612803787
  (1, 48965)	0.2772406612803787
  (1, 21308)	0.2772406612803787
  (1, 77659)	0.2772406612803787
  (1, 34684)	0.2772406612803787
  (1, 99593)	0.17009702622986692
  (1, 89801)	0.10580219794506535
  (1, 167053)	0.24103653533411093
  (1, 42487)	0.2772406612803787
  :	:
  (29997, 46514)	0.28731364268631165
  (29997, 162118)	0.20443800856675978
  (29997, 185346)	0.20402728944933324
  (29997, 136061)	0.16239653640088525
  (29997, 185336)	0.16589182858311796
  (29997, 179729)	0.15576157777659627
  (29997, 16077)	0.1070372610753292
  (29997, 26166)	0.1323151674782711
  (29997, 161576)	0.11243402562184077
  (29998, 121606)	0.5506536893046822
  (29998, 121604)	0.5146994836187382
  (29998, 143185)	0.42868561093408325
  (29998, 13417)	0.28410258586548826
  (29998, 80116)	0.334524788138242
  (29998, 143145)	0.17754932744874843
  (29998, 79140)	0.15475375970852218
  (29999, 32979)	0.4485655280270714
  (29999, 130582)	0.3899885400887023
  (29999, 155161)	0.4021443633833162
  (29999, 122724)	0.3805597510230828
  (29999, 32883)	0.24305378081023982
  (29999, 92662)	0.3956308242922113
  (29999, 92617)	0.257043414624394
  (29999, 130534)	0.1912768033314718
  (29999, 154728)	0.14796982994783947
  (0, 116181)	0.16124581351506545
  (0, 37235)	0.20033520854033773
  (0, 47747)	0.23593012407999714
  (0, 6240)	0.2199136387833751
  (0, 181174)	0.19874099688842015
  (0, 166730)	0.23593012407999714
  (0, 186411)	0.23593012407999714
  (0, 171238)	0.20811004018029577
  (0, 158954)	0.19874099688842015
  (0, 77389)	0.1070580469666487
  (0, 121383)	0.24529916737187277
  (0, 113338)	0.23593012407999714
  (0, 4094)	0.2038971534867531
  (0, 177275)	0.24529916737187277
  (0, 160199)	0.1728476038143269
  (0, 86207)	0.23593012407999714
  (0, 115430)	0.07692992358253509
  (0, 36994)	0.09276517733121682
  (0, 47741)	0.17787851943446065
  (0, 6077)	0.11211969666878174
  (0, 181162)	0.10174507528723635
  (0, 166387)	0.09740903358445127
  (0, 186341)	0.14333306123384654
  (0, 170986)	0.2301932509177893
  (0, 155762)	0.05349965046697635
  :	:
  (29999, 171803)	0.270155095279787
  (29999, 158963)	0.270155095279787
  (29999, 37108)	0.270155095279787
  (29999, 76773)	0.270155095279787
  (29999, 42749)	0.270155095279787
  (29999, 50991)	0.270155095279787
  (29999, 171802)	0.270155095279787
  (29999, 42748)	0.270155095279787
  (29999, 49943)	0.2525156749845007
  (29999, 1823)	0.23487625468921447
  (29999, 71611)	0.23187887617009645
  (29999, 92016)	0.19660003557952394
  (29999, 145666)	0.1903620847051302
  (29999, 50963)	0.15112088537223317
  (29999, 91997)	0.14385911551018005
  (29999, 145620)	0.13318726175186524
  (29999, 71609)	0.12115344398341249
  (29999, 167106)	0.1256043349069552
  (29999, 1741)	0.1390125632333038
  (29999, 54124)	0.12261660869373099
  (29999, 53142)	0.07851714970800473
  (29999, 49828)	0.12721779585353843
  (29999, 36994)	0.102164983228699
  (29999, 155762)	0.05892071841984805
  (29999, 76299)	0.07872276599640982
  (0, 53334)	0.17905876536069157
  (0, 153541)	0.18616938479089748
  (0, 108487)	0.18616938479089748
  (0, 12837)	0.18616938479089748
  (0, 113061)	0.18616938479089748
  (0, 37600)	0.14578907591958948
  (0, 163349)	0.17010044432846963
  (0, 87963)	0.18616938479089748
  (0, 96452)	0.18616938479089748
  (0, 367)	0.18616938479089748
  (0, 88528)	0.18616938479089748
  (0, 18468)	0.18616938479089748
  (0, 78497)	0.18616938479089748
  (0, 77858)	0.18616938479089748
  (0, 178058)	0.18616938479089748
  (0, 156211)	0.12000668251274925
  (0, 134680)	0.18616938479089748
  (0, 14570)	0.18616938479089748
  (0, 138713)	0.17905876536069157
  (0, 132192)	0.18616938479089748
  (0, 3208)	0.14863916149971504
  (0, 53316)	0.053888057506443626
  (0, 153539)	0.15979246172604558
  (0, 108121)	0.08213592531166482
  (0, 12836)	0.17905876536069157
  :	:
  (29998, 156498)	0.05357317405995591
  (29998, 26366)	0.10522340356108884
  (29998, 201)	0.10378158600156681
  (29999, 73700)	0.2973590607726891
  (29999, 113564)	0.2973590607726891
  (29999, 139006)	0.2973590607726891
  (29999, 77475)	0.2973590607726891
  (29999, 139005)	0.2973590607726891
  (29999, 97639)	0.23581285155258008
  (29999, 76715)	0.24492822161927624
  (29999, 184235)	0.2301918873895853
  (29999, 34043)	0.2101467354568178
  (29999, 16242)	0.2127542807726249
  (29999, 34029)	0.19698151693607932
  (29999, 73678)	0.20833895423788346
  (29999, 94322)	0.17375266668376846
  (29999, 140653)	0.1892165973263429
  (29999, 16185)	0.10318871383736747
  (29999, 140645)	0.14866977444735743
  (29999, 14517)	0.19403027544392534
  (29999, 184183)	0.14133138748001006
  (29999, 97265)	0.0933913528496941
  (29999, 76435)	0.17187891716736256
  (29999, 113002)	0.09052696689051522
  (29999, 14434)	0.12183580317905819
  (0, 89424)	0.3066387773262366
  (0, 24676)	0.3066387773262366
  (0, 56837)	0.2448229111153949
  (0, 101723)	0.2525717232724134
  (0, 80082)	0.2431718888605588
  (0, 48958)	0.29492690724319637
  (0, 20477)	0.3066387773262366
  (0, 188685)	0.3066387773262366
  (0, 44705)	0.29492690724319637
  (0, 89419)	0.20839510342131098
  (0, 24437)	0.10272154044174242
  (0, 56814)	0.14715123660957383
  (0, 101589)	0.13559383227290703
  (0, 79401)	0.08642968349382468
  (0, 48953)	0.2504311125894581
  (0, 20474)	0.28017169595374725
  (0, 188667)	0.15608382251042213
  (1, 137466)	0.2545181873811531
  (1, 71247)	0.2545181873811531
  (1, 185534)	0.2545181873811531
  (1, 66434)	0.24479702957335386
  (1, 63141)	0.2545181873811531
  (1, 108784)	0.24479702957335386
  (1, 155576)	0.2545181873811531
  (1, 185974)	0.2545181873811531
  :	:
  (29998, 7532)	0.4058790836818569
  (29998, 73182)	0.22789760953176386
  (29998, 81833)	0.1494204719644651
  (29998, 99816)	0.2982296512545138
  (29998, 6457)	0.1110579209054093
  (29999, 180860)	0.28378502033259184
  (29999, 8493)	0.28378502033259184
  (29999, 6516)	0.28378502033259184
  (29999, 55230)	0.28378502033259184
  (29999, 117616)	0.28378502033259184
  (29999, 6363)	0.28378502033259184
  (29999, 8492)	0.28378502033259184
  (29999, 55229)	0.28378502033259184
  (29999, 117615)	0.28378502033259184
  (29999, 61715)	0.21521821007946568
  (29999, 111537)	0.2050736071036695
  (29999, 7625)	0.18323976242854217
  (29999, 188428)	0.1556935480963546
  (29999, 11432)	0.1845129662788532
  (29999, 11148)	0.13000593871203106
  (29999, 6091)	0.13043366348012256
  (29999, 61709)	0.11361805840416055
  (29999, 111525)	0.10377028048288754
  (29999, 6457)	0.1493687177106749
  (29999, 180547)	0.12270019905293987
  (0, 24401)	0.24690816688455072
  (0, 137250)	0.24690816688455072
  (0, 105356)	0.24690816688455072
  (0, 58322)	0.16421621121588545
  (0, 139746)	0.2000446057451833
  (0, 155279)	0.20337291240147332
  (0, 177021)	0.24690816688455072
  (0, 130505)	0.23078662408890338
  (0, 166561)	0.22135612609967842
  (0, 160296)	0.23747766889532573
  (0, 118772)	0.17782087161660098
  (0, 37148)	0.20523458330403108
  (0, 16974)	0.1760972335811556
  (0, 81494)	0.20164927436602795
  (0, 101833)	0.2177708171616752
  (0, 162693)	0.15073052022977065
  (0, 24400)	0.24690816688455072
  (0, 137249)	0.23747766889532573
  (0, 103815)	0.06321616924503416
  (0, 58086)	0.09463995584135866
  (0, 139711)	0.12146064325463694
  (0, 154610)	0.08099861803812158
  (0, 177002)	0.1734811677956515
  (0, 130179)	0.10539202077725345
  (0, 166328)	0.09799009118985894
  :	:
  (29998, 183825)	0.36230389672301055
  (29998, 29307)	0.3036618921848183
  (29998, 17880)	0.287330792030668
  (29998, 31115)	0.23778900078226203
  (29998, 158733)	0.25054974359395416
  (29998, 150496)	0.23137398818207847
  (29998, 77347)	0.17198326527031366
  (29998, 183679)	0.13883436711015065
  (29998, 76261)	0.11725044311289153
  (29998, 155719)	0.08816339038740785
  (29999, 20139)	0.30626149811178377
  (29999, 34215)	0.30626149811178377
  (29999, 156421)	0.30626149811178377
  (29999, 145075)	0.30626149811178377
  (29999, 20138)	0.30626149811178377
  (29999, 34214)	0.30626149811178377
  (29999, 174343)	0.25983004084598943
  (29999, 58669)	0.2945640379647054
  (29999, 49528)	0.2798269810475536
  (29999, 107891)	0.27456709776314125
  (29999, 174322)	0.20020211164827906
  (29999, 145039)	0.2086235770281122
  (29999, 107555)	0.13661114133274394
  (29999, 58621)	0.15007396419183192
  (29999, 155719)	0.06681343051117115
  (0, 12611)	0.17688775554489677
  (0, 142988)	0.19392661988016027
  (0, 26860)	0.19392661988016027
  (0, 189026)	0.2145353186854671
  (0, 73888)	0.22305475085309884
  (0, 86838)	0.1499086571270169
  (0, 42366)	0.12839056970166102
  (0, 101670)	0.22305475085309884
  (0, 63251)	0.22305475085309884
  (0, 66926)	0.22305475085309884
  (0, 3555)	0.22305475085309884
  (0, 165538)	0.15090151135579988
  (0, 137631)	0.22305475085309884
  (0, 62213)	0.22305475085309884
  (0, 18965)	0.22305475085309884
  (0, 119068)	0.22305475085309884
  (0, 109392)	0.09900285609222324
  (0, 12235)	0.07811297939744391
  (0, 142974)	0.10746503616706879
  (0, 26640)	0.09584186793883648
  (0, 189020)	0.15341871487095968
  (0, 73697)	0.09846515860744566
  (0, 86763)	0.09353212496672807
  (0, 42272)	0.08799058443801164
  (0, 101668)	0.20849068536662954
  :	:
  (29999, 73123)	0.24471138437272036
  (29999, 138254)	0.24471138437272036
  (29999, 130452)	0.24471138437272036
  (29999, 27988)	0.24471138437272036
  (29999, 35662)	0.24471138437272036
  (29999, 138587)	0.24471138437272036
  (29999, 130451)	0.24471138437272036
  (29999, 27987)	0.24471138437272036
  (29999, 112456)	0.21583327443571323
  (29999, 59514)	0.23536479107292702
  (29999, 29865)	0.20340857750959376
  (29999, 35660)	0.21275517080938713
  (29999, 82803)	0.19985516765404665
  (29999, 138580)	0.1517159434228409
  (29999, 73104)	0.1379859380968052
  (29999, 59426)	0.1383257703263934
  (29999, 167106)	0.1255237894395934
  (29999, 178146)	0.12189565817205018
  (29999, 177996)	0.10688888741067033
  (29999, 153625)	0.14341258404688045
  (29999, 82713)	0.1226347349436721
  (29999, 138165)	0.1055567132453068
  (29999, 112053)	0.08948241511814743
  (29999, 5564)	0.10938254301439852
  (29999, 165497)	0.05146564775034506
  (0, 50814)	0.4025833265768889
  (0, 342)	0.4025833265768889
  (0, 80278)	0.32617237356233125
  (0, 123865)	0.37629717974701066
  (0, 159342)	0.3500110329171324
  (0, 183783)	0.32617237356233125
  (0, 50789)	0.2909216802358313
  (0, 259)	0.16821921210732835
  (0, 80277)	0.11390148607854612
  (0, 123847)	0.2553831953726374
  (0, 157039)	0.08855480089662339
  (1, 52379)	0.3029631039026566
  (1, 158173)	0.27240003734967744
  (1, 54812)	0.19542303010553422
  (1, 172276)	0.35205211587198776
  (1, 78569)	0.3831822617595251
  (1, 92728)	0.4274145536460844
  (1, 164575)	0.1779335236717656
  (1, 52221)	0.22183914466150917
  (1, 53799)	0.12357978160721839
  (1, 172196)	0.1980383627920509
  (1, 77401)	0.12442833786744134
  (1, 92727)	0.4274145536460844
  (1, 157039)	0.09401683626661402
  (2, 159969)	0.19842956750575128
  :	:
  (29999, 176639)	0.1634719487004042
  (29999, 3944)	0.16033745144513717
  (29999, 128042)	0.13673453489051335
  (29999, 137261)	0.1257798454127212
  (29999, 20949)	0.13265902334143007
  (29999, 182412)	0.12186573202017689
  (29999, 31330)	0.12643370352638894
  (29999, 75490)	0.13590187462974496
  (29999, 191321)	0.13243077254549673
  (29999, 163690)	0.11417719196176486
  (29999, 154350)	0.13882975221384083
  (29999, 185509)	0.11298204179611959
  (29999, 18470)	0.10823638645752284
  (29999, 184784)	0.07106968521990112
  (29999, 191505)	0.08215729482037641
  (29999, 27019)	0.08222437999115852
  (29999, 181666)	0.10003172368694772
  (29999, 81735)	0.058781233932230025
  (29999, 190375)	0.05696156942802955
  (29999, 37307)	0.07684884375211845
  (29999, 76791)	0.11554563576304282
  (29999, 111650)	0.07215492390583898
  (29999, 76406)	0.06294722720764254
  (29999, 116636)	0.06456535582166766
  (29999, 157039)	0.04503753196977188
  (0, 89148)	0.4366232049892634
  (0, 183819)	0.4366232049892634
  (0, 152654)	0.3850978011056264
  (0, 112307)	0.4366232049892634
  (0, 89146)	0.41994666363117417
  (0, 183421)	0.152041005028171
  (0, 152636)	0.28338762618256913
  (1, 93122)	0.2613891820216243
  (1, 190002)	0.3821436286741023
  (1, 5302)	0.4088381777541229
  (1, 79157)	0.4088381777541229
  (1, 172972)	0.3821436286741023
  (1, 80560)	0.11827996659935762
  (1, 92982)	0.16442066869338862
  (1, 189983)	0.26977416920526237
  (1, 5301)	0.39322286756865044
  (1, 79119)	0.11605378610875522
  (1, 172780)	0.15302210447911613
  (2, 115552)	0.2775986417974527
  (2, 148338)	0.3325864739024548
  (2, 98047)	0.396212372758732
  (2, 66614)	0.396212372758732
  (2, 40639)	0.396212372758732
  (2, 115199)	0.12331262197307741
  (2, 148138)	0.173779346123353
  :	:
  (29999, 165768)	0.21752493790930783
  (29999, 125690)	0.21752493790930783
  (29999, 50457)	0.21752493790930783
  (29999, 147034)	0.21752493790930783
  (29999, 13830)	0.21752493790930783
  (29999, 78568)	0.21752493790930783
  (29999, 63150)	0.21752493790930783
  (29999, 135405)	0.2092167133760983
  (29999, 125689)	0.2092167133760983
  (29999, 183652)	0.2092167133760983
  (29999, 157345)	0.20332193425870296
  (29999, 55268)	0.2092167133760983
  (29999, 147032)	0.2092167133760983
  (29999, 55265)	0.1987495883517855
  (29999, 50448)	0.18259362165138923
  (29999, 83243)	0.19501370972549342
  (29999, 61193)	0.1613634732776747
  (29999, 13807)	0.13032486763811166
  (29999, 135403)	0.17034358105057573
  (29999, 163699)	0.12851774579425665
  (29999, 60803)	0.08032398098429673
  (29999, 164229)	0.046315757308709335
  (29999, 155741)	0.04744719231091054
  (29999, 6494)	0.057440452334957114
  (29999, 183421)	0.07574657004140427
  (0, 69314)	0.35960107112120626
  (0, 30023)	0.37388122299361853
  (0, 26605)	0.37388122299361853
  (0, 188089)	0.37388122299361853
  (0, 89128)	0.20313450127293
  (0, 69145)	0.178860806390365
  (0, 30022)	0.37388122299361853
  (0, 26602)	0.31384137942987683
  (0, 188088)	0.37388122299361853
  (1, 53959)	0.4152859278149676
  (1, 119570)	0.4232415624403879
  (1, 4263)	0.4632240768596124
  (1, 79000)	0.3815476449973917
  (1, 150467)	0.27396559856964386
  (1, 52969)	0.13408351604221747
  (1, 119561)	0.34224165860597405
  (1, 4156)	0.24712956890621446
  (1, 78974)	0.13042665375366483
  (2, 116278)	0.21085839483820978
  (2, 61865)	0.2351986396720593
  (2, 24603)	0.2351986396720593
  (2, 91876)	0.22621537951309942
  (2, 143151)	0.1831028729980848
  (2, 53913)	0.19550141016332015
  (2, 42244)	0.19208613315704473
  :	:
  (29999, 130725)	0.2461653216479695
  (29999, 113200)	0.2461653216479695
  (29999, 71119)	0.2461653216479695
  (29999, 130724)	0.2461653216479695
  (29999, 44447)	0.23009228195136178
  (29999, 189903)	0.23676319615285146
  (29999, 8729)	0.23676319615285146
  (29999, 49934)	0.2088448792061762
  (29999, 156325)	0.22491791890278393
  (29999, 44442)	0.2088448792061762
  (29999, 8717)	0.19521499126451794
  (29999, 167301)	0.20276104685999158
  (29999, 71109)	0.2010425945432706
  (29999, 41053)	0.21401924225475405
  (29999, 28246)	0.204617116759636
  (29999, 119301)	0.19944275371105816
  (29999, 41021)	0.13302849731186844
  (29999, 115854)	0.11452994640483816
  (29999, 189883)	0.0993267036357457
  (29999, 60550)	0.09067164528944843
  (29999, 112269)	0.07522429063948081
  (29999, 167196)	0.09855638560237928
  (29999, 49796)	0.11550303301165407
  (29999, 155393)	0.05409528255835502
  (29999, 115120)	0.0768783467620003
  (0, 41134)	0.21663905365735567
  (0, 11161)	0.21663905365735567
  (0, 30951)	0.21663905365735567
  (0, 11148)	0.2083646649010754
  (0, 10113)	0.20249389264946302
  (0, 117928)	0.19794016791431715
  (0, 68725)	0.21663905365735567
  (0, 11208)	0.1686541775222707
  (0, 72527)	0.18834873164157037
  (0, 79503)	0.1910737272864436
  (0, 144007)	0.21663905365735567
  (0, 180228)	0.21663905365735567
  (0, 172275)	0.21663905365735567
  (0, 161415)	0.21663905365735567
  (0, 66342)	0.17552061815014425
  (0, 110160)	0.1607063101901183
  (0, 41116)	0.15822968053551245
  (0, 30946)	0.128943690143466
  (0, 10080)	0.08311112591616138
  (0, 117926)	0.15402882603853407
  (0, 68676)	0.13413188526566622
  (0, 11114)	0.3033288268973453
  (0, 72522)	0.12225652288202576
  (0, 78983)	0.06101241115221645
  (0, 144006)	0.21663905365735567
  :	:
  (29997, 41116)	0.15118684225842768
  (29998, 87650)	0.3106969705941953
  (29998, 9138)	0.3106969705941953
  (29998, 102262)	0.27012387355075596
  (29998, 31581)	0.27403197727190487
  (29998, 31568)	0.2269280703110283
  (29998, 80843)	0.27012387355075596
  (29998, 168671)	0.29041042207247564
  (29998, 146861)	0.23143964495733285
  (29998, 168659)	0.22865017305087237
  (29998, 156866)	0.26080359172685824
  (29998, 87637)	0.2480630058561638
  (29998, 146841)	0.2097251399199331
  (29998, 79538)	0.19739735783133075
  (29998, 102214)	0.1714463253085504
  (29998, 108089)	0.15420155459160304
  (29998, 9109)	0.16680940870215102
  (29998, 115725)	0.144855944074693
  (29998, 115008)	0.09741973662427031
  (29998, 80403)	0.08939572162659806
  (29998, 155219)	0.06785389626785278
  (29998, 78983)	0.08750209619925338
  (29999, 187230)	0.6096060899140798
  (29999, 187229)	0.6096060899140798
  (29999, 153455)	0.506715729259842
  (0, 156299)	0.2915375649824511
  (0, 6055)	0.5387647904510353
  (0, 102744)	0.5181870171958097
  (0, 61544)	0.30900427320044854
  (0, 191135)	0.1507408221035143
  (0, 156277)	0.28231697597820593
  (0, 5588)	0.23961775517493256
  (0, 102735)	0.2485363229470092
  (0, 61290)	0.19779858527024685
  (1, 90900)	0.2162940208822513
  (1, 177249)	0.2248832930378178
  (1, 187632)	0.2248832930378178
  (1, 39963)	0.17833783325782168
  (1, 23040)	0.2248832930378178
  (1, 85827)	0.2248832930378178
  (1, 60381)	0.2248832930378178
  (1, 44166)	0.2248832930378178
  (1, 173789)	0.2248832930378178
  (1, 160947)	0.2248832930378178
  (1, 79529)	0.1594034173459693
  (1, 34836)	0.2248832930378178
  (1, 85028)	0.2101998353033862
  (1, 61840)	0.2248832930378178
  (1, 95388)	0.14782557120080836
  (1, 90584)	0.08570217995583142
  :	:
  (29998, 28387)	0.2518586631778583
  (29998, 86714)	0.2518586631778583
  (29998, 159378)	0.2518586631778583
  (29998, 83546)	0.2518586631778583
  (29998, 145837)	0.2518586631778583
  (29998, 152347)	0.2518586631778583
  (29998, 83545)	0.24223908417957327
  (29998, 86713)	0.23541388426224266
  (29998, 145836)	0.24223908417957327
  (29998, 132443)	0.21617472626567258
  (29998, 28377)	0.19972994735005692
  (29998, 77581)	0.21367506899947905
  (29998, 160702)	0.17906971786480064
  (29998, 152253)	0.1397023279760077
  (29998, 70212)	0.1148585769528926
  (29998, 12665)	0.25462341918931297
  (29998, 12111)	0.1771484077036115
  (29998, 77090)	0.07282072715094792
  (29998, 110391)	0.09505316770981559
  (29998, 157706)	0.11022732123268197
  (29999, 151457)	0.5212902354337785
  (29999, 67194)	0.5212902354337785
  (29999, 151456)	0.5212902354337785
  (29999, 67181)	0.3821654354822433
  (29999, 37276)	0.19677157123643316
  (0, 8774)	0.20892041498864997
  (0, 47477)	0.20892041498864997
  (0, 6235)	0.20892041498864997
  (0, 50775)	0.1952792323027051
  (0, 41609)	0.20892041498864997
  (0, 189808)	0.13895092830658928
  (0, 74729)	0.12103104572655722
  (0, 179196)	0.20094083465188556
  (0, 50861)	0.18426595631852055
  (0, 190639)	0.3685319126370411
  (0, 145330)	0.20892041498864997
  (0, 40434)	0.16264519329581126
  (0, 165179)	0.10825696657472139
  (0, 177396)	0.10504676690461169
  (0, 130959)	0.1509736597411145
  (0, 190248)	0.17537085897522953
  (0, 128725)	0.20094083465188556
  (0, 128469)	0.16926698932589912
  (0, 8772)	0.20094083465188556
  (0, 47476)	0.20892041498864997
  (0, 6082)	0.09580334070498477
  (0, 41413)	0.08284883446324552
  (0, 74544)	0.0915062497405204
  (0, 179145)	0.10220043324794302
  (0, 50773)	0.2225026041515914
  :	:
  (29998, 103895)	0.07024679059082543
  (29998, 164705)	0.05840778482388566
  (29999, 141699)	0.2906661270030328
  (29999, 128822)	0.2906661270030328
  (29999, 178942)	0.2906661270030328
  (29999, 141698)	0.2906661270030328
  (29999, 128821)	0.2906661270030328
  (29999, 63775)	0.27956432198449077
  (29999, 160313)	0.2716874659694529
  (29999, 61854)	0.23207021628516922
  (29999, 67994)	0.22501074694406709
  (29999, 157542)	0.2147514828687134
  (29999, 67983)	0.21390894192552504
  (29999, 63762)	0.20042472884666715
  (29999, 8125)	0.18467101681659154
  (29999, 178771)	0.14298633861969431
  (29999, 160207)	0.13440305007839715
  (29999, 166494)	0.13737898155587425
  (29999, 61823)	0.16886387955950538
  (29999, 93093)	0.18643810864157595
  (29999, 92943)	0.11627901392342033
  (29999, 80341)	0.08369648359478718
  (29999, 156211)	0.06338056782854605
  (29999, 6437)	0.07667694989116149
  (29999, 164705)	0.062304204626138913
  (0, 75416)	0.44505555021431503
  (0, 136090)	0.4066412258241935
  (0, 113322)	0.33014931563400973
  (0, 37276)	0.2836430052904711
  (0, 87455)	0.30246467268053834
  (0, 55217)	0.44505555021431503
  (0, 75197)	0.13743650964544868
  (0, 136019)	0.22901034960094374
  (0, 112322)	0.1352186488317982
  (0, 37015)	0.16676947880275203
  (0, 87425)	0.20031612057843695
  (1, 104327)	0.2628566785914731
  (1, 94571)	0.2955521024043225
  (1, 128707)	0.38587623374545227
  (1, 135712)	0.38587623374545227
  (1, 83568)	0.38587623374545227
  (1, 103903)	0.09996974443133087
  (1, 94517)	0.20825333080363573
  (1, 128706)	0.38587623374545227
  (1, 135690)	0.2727027405899935
  (1, 83556)	0.3151441425031899
  (1, 37015)	0.14459403630200615
  (2, 183982)	0.14045117778577573
  (2, 24980)	0.2254729610601877
  (2, 73599)	0.2254729610601877
  :	:
  (29997, 146491)	0.35421122085551854
  (29997, 12728)	0.3800087059142753
  (29997, 12726)	0.3693017822278055
  (29997, 13847)	0.34847405568891077
  (29997, 97239)	0.2752994566158338
  (29997, 13762)	0.23019355408159684
  (29997, 96811)	0.12531190727237213
  (29997, 115157)	0.12319047169385758
  (29997, 188455)	0.11019048710929366
  (29998, 115209)	0.33808836833465444
  (29998, 32884)	0.33808836833465444
  (29998, 106309)	0.33808836833465444
  (29998, 7656)	0.33808836833465444
  (29998, 96313)	0.33808836833465444
  (29998, 32883)	0.33808836833465444
  (29998, 106308)	0.33808836833465444
  (29998, 96312)	0.32517530143212825
  (29998, 15211)	0.27391866054459824
  (29998, 6507)	0.08939306964190183
  (29998, 115157)	0.1054146869352326
  (29999, 165577)	0.5446493167944256
  (29999, 14498)	0.5536407263084645
  (29999, 184629)	0.41251218285271174
  (29999, 14323)	0.4232893559391215
  (29999, 163501)	0.21794239613883265
  (0, 115065)	0.26075829960163416
  (0, 112248)	0.26075829960163416
  (0, 20308)	0.26075829960163416
  (0, 156463)	0.26075829960163416
  (0, 166446)	0.12365633144401118
  (0, 25924)	0.2437324306747728
  (0, 84150)	0.23377293581036535
  (0, 97346)	0.21126596133607758
  (0, 25901)	0.19972119795664264
  (0, 189687)	0.2382513251273464
  (0, 26532)	0.1776270590265488
  (0, 28290)	0.26075829960163416
  (0, 124147)	0.2437324306747728
  (0, 115008)	0.155203490868963
  (0, 112236)	0.19593477374064094
  (0, 20296)	0.19775509798881213
  (0, 156169)	0.05677993419527118
  (0, 164640)	0.05536564677695975
  (0, 84077)	0.08801498874606485
  (0, 97007)	0.08218515872430687
  (0, 25871)	0.3142279103387337
  (0, 189565)	0.07287540558692399
  (0, 26260)	0.11227400791654871
  (0, 28288)	0.2437324306747728
  (1, 104324)	0.2055476641751385
  :	:
  (29998, 147395)	0.2394256298593064
  (29998, 7800)	0.22964212126182665
  (29998, 123521)	0.17002103286208112
  (29998, 141538)	0.20182900079817243
  (29998, 134753)	0.17707609160176688
  (29998, 108432)	0.1696835574150698
  (29998, 179595)	0.17662506723401572
  (29998, 58796)	0.2091975855028754
  (29998, 58622)	0.12589783454458162
  (29998, 173310)	0.16684155863653596
  (29998, 179814)	0.13111886896652986
  (29998, 168060)	0.10208164689939392
  (29998, 173291)	0.09587341250311385
  (29998, 72263)	0.15990004881759004
  (29998, 108354)	0.1338425461714357
  (29998, 6316)	0.06713769668786487
  (29998, 115568)	0.08023420589375999
  (29998, 156169)	0.05577662139763767
  (29999, 191932)	0.40523864569753143
  (29999, 93544)	0.40523864569753143
  (29999, 114707)	0.40523864569753143
  (29999, 176131)	0.40523864569753143
  (29999, 114706)	0.40523864569753143
  (29999, 191930)	0.38976081731450457
  (29999, 93208)	0.16430065566662436
  (0, 103342)	0.325978087082518
  (0, 116391)	0.27363078491811854
  (0, 34511)	0.325978087082518
  (0, 58827)	0.325978087082518
  (0, 4907)	0.27979273317236436
  (0, 111856)	0.27363078491811854
  (0, 66025)	0.2834094693842519
  (0, 144072)	0.22713681768839455
  (0, 5076)	0.2168048431752484
  (0, 184588)	0.11274762036421736
  (0, 103321)	0.24494116902317709
  (0, 115898)	0.10189761482356188
  (0, 34470)	0.2037749304968548
  (0, 58793)	0.16077883350280045
  (0, 111844)	0.11836982396141495
  (0, 65928)	0.15946312250518432
  (0, 143795)	0.10504866785449228
  (0, 4782)	0.2707884146329523
  (1, 54270)	0.20326372095134623
  (1, 12215)	0.2658112701640702
  (1, 173761)	0.19681505594001947
  (1, 16938)	0.21494035097256095
  (1, 62242)	0.23570434915801636
  (1, 109192)	0.2658112701640702
  (1, 108892)	0.2658112701640702
  :	:
  (29999, 39430)	0.2041769628824176
  (29999, 112025)	0.18456330879129243
  (29999, 32883)	0.18220800004405288
  (29999, 31710)	0.15047344117060243
  (29999, 79639)	0.15562925289720664
  (29999, 26467)	0.18456330879129243
  (29999, 179718)	0.14675195169921862
  (29999, 165327)	0.1368411086253736
  (29999, 11560)	0.13778231819275158
  (29999, 83512)	0.15813214173674714
  (29999, 31672)	0.12009567519344258
  (29999, 31428)	0.1046571597895331
  (29999, 11277)	0.09832668413895837
  (29999, 84227)	0.0716712408801956
  (29999, 75252)	0.16949012520703657
  (29999, 179686)	0.09038677804793087
  (29999, 75091)	0.09259904002501339
  (29999, 39416)	0.1479171557392714
  (29999, 26346)	0.18415534625870394
  (29999, 180984)	0.09176160435770879
  (29999, 164957)	0.09003511439385962
  (29999, 79440)	0.05973749684464602
  (29999, 66025)	0.18456330879129243
  (29999, 111844)	0.15417075808247852
  (29999, 65928)	0.10384635906376462
  (0, 170306)	0.43519518137735963
  (0, 159897)	0.4478125090480191
  (0, 114710)	0.4478125090480191
  (0, 91907)	0.41741205681759913
  (0, 96946)	0.14715941024637394
  (0, 170244)	0.26253641791872345
  (0, 159624)	0.21565566706953282
  (0, 114579)	0.2473231502980224
  (0, 91723)	0.19246524943289214
  (1, 61509)	0.7355330285580018
  (1, 187626)	0.49120427769982955
  (1, 61468)	0.4665935291768225
  (2, 189605)	0.18794056286530833
  (2, 56585)	0.17171874573597826
  (2, 142592)	0.18794056286530833
  (2, 110856)	0.17566923192675807
  (2, 75899)	0.1040144298253843
  (2, 154947)	0.1309542667295477
  (2, 86638)	0.13167697067811612
  (2, 3532)	0.16576191249332178
  (2, 178708)	0.14322559766809795
  (2, 180187)	0.15944741479742802
  (2, 114372)	0.1242545081902761
  (2, 24673)	0.16339790098820783
  (2, 174391)	0.18794056286530833
  :	:
  (29998, 41666)	0.20805419029582095
  (29998, 182662)	0.11002277288556692
  (29998, 4757)	0.10942491142770548
  (29998, 66794)	0.08514728329074661
  (29998, 161010)	0.11483078948806866
  (29998, 189122)	0.07295101130430293
  (29998, 15991)	0.09118790655724791
  (29998, 164179)	0.05511254615631178
  (29999, 30386)	0.32022948319737
  (29999, 19692)	0.32022948319737
  (29999, 104007)	0.32022948319737
  (29999, 19691)	0.32022948319737
  (29999, 3553)	0.29258933975707124
  (29999, 173149)	0.29258933975707124
  (29999, 98674)	0.2507714170618827
  (29999, 98670)	0.24527164083721648
  (29999, 30385)	0.29932052184977576
  (29999, 148167)	0.2523186923589901
  (29999, 26735)	0.2176314973969177
  (29999, 103817)	0.08337038762914759
  (29999, 148122)	0.1396087605680731
  (29999, 141907)	0.15237430701297008
  (29999, 172812)	0.1182303646791482
  (29999, 26560)	0.12865339705285905
  (29999, 3342)	0.12141066178118526
  (0, 97013)	0.22022041549715402
  (0, 4145)	0.22022041549715402
  (0, 110419)	0.19423245672113745
  (0, 135724)	0.22022041549715402
  (0, 165569)	0.1407971109436901
  (0, 180568)	0.22022041549715402
  (0, 41087)	0.22022041549715402
  (0, 164550)	0.11175915113862722
  (0, 180841)	0.15109545281750414
  (0, 86555)	0.13865660412392306
  (0, 42036)	0.1269896199990582
  (0, 6988)	0.1542932337332804
  (0, 37163)	0.15913946025389827
  (0, 25408)	0.22022041549715402
  (0, 37193)	0.21180923893812484
  (0, 65991)	0.22022041549715402
  (0, 58840)	0.21180923893812484
  (0, 79529)	0.16144678198416337
  (0, 89729)	0.22022041549715402
  (0, 38898)	0.22022041549715402
  (0, 96854)	0.06942297428184982
  (0, 4119)	0.14293271651975561
  (0, 110399)	0.07879918595045866
  (0, 135645)	0.11662587763932677
  (0, 180567)	0.21180923893812484
  :	:
  (29999, 184160)	0.1920222024348965
  (29999, 24513)	0.17898647503926868
  (29999, 154802)	0.18241531984938894
  (29999, 185122)	0.14239056157255167
  (29999, 82246)	0.12312313993356168
  (29999, 170399)	0.13766419685588144
  (29999, 52865)	0.12099755662040931
  (29999, 126393)	0.1506999242515093
  (29999, 146793)	0.1537154210101978
  (29999, 24460)	0.12533823593006532
  (29999, 149376)	0.11371014132574714
  (29999, 121614)	0.15634386505813325
  (29999, 75165)	0.09269506129649518
  (29999, 147241)	0.1142037806700712
  (29999, 82236)	0.09778929259317272
  (29999, 154452)	0.06586608737515108
  (29999, 183342)	0.0696612906480299
  (29999, 101327)	0.08977780852742225
  (29999, 84006)	0.06707524417818012
  (29999, 26817)	0.0799970412774108
  (29999, 145060)	0.1059875377892417
  (29999, 185112)	0.08082638990820559
  (29999, 145487)	0.0961877655203271
  (29999, 17713)	0.09209897302255557
  (29999, 6547)	0.05240653180563131
  (0, 154235)	0.5966163045893714
  (0, 92033)	0.49591838216531714
  (0, 72132)	0.5187057566445085
  (0, 154151)	0.2607419137579469
  (0, 91788)	0.24712736748961744
  (1, 71227)	0.4123604225805725
  (1, 164913)	0.37428183993347436
  (1, 173044)	0.2848603800807398
  (1, 176103)	0.3259444152477166
  (1, 93519)	0.4243157171076028
  (1, 175549)	0.31271033320601443
  (1, 71018)	0.23746991056595518
  (1, 164077)	0.09361254755467283
  (1, 172685)	0.16418431795210386
  (1, 176098)	0.3177233085017121
  (1, 93217)	0.1777508071018507
  (2, 167817)	0.17379575610052256
  (2, 116491)	0.1442702646081223
  (2, 71168)	0.17379575610052256
  (2, 135462)	0.18069737567623192
  (2, 184723)	0.17379575610052256
  (2, 47190)	0.17379575610052256
  (2, 176648)	0.18069737567623192
  (2, 95726)	0.18069737567623192
  (2, 7581)	0.17379575610052256
  :	:
  (29997, 159521)	0.1089630454396741
  (29997, 6124)	0.10929920920312877
  (29997, 89634)	0.12470236153283627
  (29997, 121291)	0.11936712562122417
  (29997, 112330)	0.07173928365752252
  (29997, 53247)	0.06777382232500895
  (29997, 155577)	0.10291532578898924
  (29997, 81554)	0.08288635272561462
  (29997, 91788)	0.09747670252139104
  (29998, 103484)	0.46936259633366084
  (29998, 88770)	0.46936259633366084
  (29998, 103483)	0.46936259633366084
  (29998, 182740)	0.420789183976592
  (29998, 88728)	0.27702190776661806
  (29998, 182615)	0.19598579567150873
  (29998, 166974)	0.21652055941512255
  (29999, 127323)	0.4456777244964529
  (29999, 182190)	0.4456777244964529
  (29999, 182186)	0.39955541296284036
  (29999, 97970)	0.3610873865018431
  (29999, 97953)	0.3255158420346686
  (29999, 165482)	0.3231828898064117
  (29999, 127288)	0.26144843174476307
  (29999, 110384)	0.1581379144466731
  (29999, 164077)	0.09456995786288665
  (0, 80830)	0.19641271587661002
  (0, 178542)	0.3333699332173943
  (0, 86283)	0.34660841791155067
  (0, 41769)	0.3239770788465069
  (0, 188309)	0.34660841791155067
  (0, 27543)	0.34660841791155067
  (0, 76367)	0.2909481870428806
  (0, 79075)	0.09779147748106876
  (0, 80507)	0.09977087869699727
  (0, 178527)	0.2550783632836805
  (0, 86268)	0.2668654925673356
  (0, 41687)	0.13742301345438318
  (0, 188304)	0.23052587479449857
  (0, 27521)	0.2496240272663883
  (0, 76161)	0.10061495414585644
  (1, 156939)	0.3064895567378768
  (1, 117548)	0.2703210755014654
  (1, 46806)	0.3064895567378768
  (1, 26841)	0.29478338603884735
  (1, 4554)	0.29478338603884735
  (1, 134068)	0.3064895567378768
  (1, 122893)	0.3064895567378768
  (1, 32719)	0.29478338603884735
  (1, 156309)	0.06747964294085189
  (1, 117509)	0.19998803117015587
  :	:
  (29999, 110530)	0.18652517590177176
  (29999, 136248)	0.17464570796078047
  (29999, 121633)	0.15498230057390164
  (29999, 356)	0.1389444899105055
  (29999, 93489)	0.15498230057390164
  (29999, 93473)	0.13345093848319833
  (29999, 182188)	0.1341153644978124
  (29999, 189937)	0.13676461312592114
  (29999, 153161)	0.14984030458843967
  (29999, 153160)	0.12969704037270077
  (29999, 181971)	0.0921861261655276
  (29999, 26177)	0.13218606798999075
  (29999, 136168)	0.12008514356417231
  (29999, 221)	0.08789252838976212
  (29999, 121622)	0.10466246354744371
  (29999, 112589)	0.06340097505946136
  (29999, 179395)	0.08953596305684673
  (29999, 148662)	0.09060719636071096
  (29999, 189906)	0.11668739953903645
  (29999, 10223)	0.08043485745856731
  (29999, 6540)	0.054727245468506665
  (29999, 166621)	0.09926382121785281
  (29999, 164726)	0.04415741094169164
  (29999, 156309)	0.045807697478088175
  (29999, 80507)	0.11977772345656972
  (0, 155764)	0.2881775954181962
  (0, 12517)	0.21464094385780388
  (0, 139900)	0.4297098694260141
  (0, 105148)	0.401652530792486
  (0, 24198)	0.3926200852185847
  (0, 16879)	0.266411137369795
  (0, 155560)	0.09433244637878552
  (0, 11976)	0.15099694683930576
  (0, 139897)	0.3852400398218371
  (0, 103567)	0.11151263671917128
  (0, 24190)	0.3274729623776272
  (1, 67317)	0.2187219040225624
  (1, 76459)	0.21036796214161727
  (1, 6314)	0.19984324007083373
  (1, 6531)	0.19291078286779523
  (1, 84567)	0.2187219040225624
  (1, 76554)	0.2187219040225624
  (1, 79360)	0.1451775518891013
  (1, 148674)	0.2187219040225624
  (1, 158482)	0.1702756830140806
  (1, 24841)	0.14460519964623805
  (1, 116459)	0.21036796214161727
  (1, 107597)	0.20444074604979287
  (1, 57955)	0.17345170431513313
  (1, 164739)	0.1096103591377188
  :	:
  (29998, 137590)	0.14954266209972894
  (29998, 155511)	0.14441074323715816
  (29998, 167455)	0.15276551928170912
  (29998, 167452)	0.2990853241994579
  (29998, 160303)	0.1455664086636631
  (29998, 104191)	0.13710353508201115
  (29998, 49125)	0.1305105320808661
  (29998, 169077)	0.12628048116349833
  (29998, 157661)	0.13398660727970002
  (29998, 125806)	0.14679917378970395
  (29998, 116596)	0.09402038229534537
  (29998, 125737)	0.10705432421972896
  (29998, 85479)	0.25608450841380853
  (29998, 9376)	0.12054738326055624
  (29998, 41204)	0.07728962494274423
  (29998, 81924)	0.09712833043939632
  (29998, 160242)	0.08928954955126121
  (29998, 102753)	0.08805403680334017
  (29998, 171903)	0.14881768187916417
  (29998, 155353)	0.09194126881990514
  (29998, 112157)	0.06042367965144349
  (29998, 6483)	0.051586770885326184
  (29998, 155560)	0.043077526313748844
  (29998, 103567)	0.0509229721796542
  (29999, 175769)	1.0
  (0, 10576)	0.28142106151586843
  (0, 164136)	0.277407578459369
  (0, 101697)	0.3190747012259268
  (0, 116496)	0.2282913740568859
  (0, 111972)	0.3190747012259268
  (0, 12445)	0.3068878490602363
  (0, 81219)	0.2547518546041451
  (0, 138112)	0.2168466948012827
  (0, 191090)	0.24316019962441426
  (0, 75568)	0.17919305509122435
  (0, 117482)	0.14971278449035705
  (0, 10289)	0.12210797655640618
  (0, 164134)	0.21538023441792953
  (0, 101638)	0.18890811985632266
  (0, 116021)	0.09933528415773173
  (0, 111970)	0.3068878490602363
  (0, 12041)	0.1122746043100589
  (0, 81169)	0.09120258978960609
  (0, 138027)	0.13752593232466653
  (0, 190383)	0.08951910632434223
  (0, 75387)	0.13956130197703628
  (1, 81105)	0.21760788161016473
  (1, 176465)	0.22624932861236138
  (1, 134425)	0.22624932861236138
  (1, 108650)	0.22624932861236138
  :	:
  (29998, 105038)	0.2585658833114972
  (29998, 34914)	0.2585658833114972
  (29998, 117846)	0.2585658833114972
  (29998, 83935)	0.2585658833114972
  (29998, 70747)	0.2585658833114972
  (29998, 83934)	0.2585658833114972
  (29998, 35048)	0.24168316531193526
  (29998, 171826)	0.24168316531193526
  (29998, 130703)	0.21117010183771648
  (29998, 92521)	0.20373203901901069
  (29998, 138154)	0.18167204412467491
  (29998, 117839)	0.18816621543282364
  (29998, 26868)	0.2219316514319476
  (29998, 130669)	0.15229557629376836
  (29998, 34863)	0.16667420318353318
  (29998, 106437)	0.21117010183771648
  (29998, 171797)	0.15904533735476062
  (29998, 92228)	0.10734565545050041
  (29998, 190525)	0.15863938439861586
  (29998, 26699)	0.11118615805496486
  (29998, 70660)	0.1349518360724439
  (29998, 104627)	0.1336112325225168
  (29998, 191090)	0.19704768682857218
  (29998, 138027)	0.11144573365779323
  (29998, 190383)	0.14508569128844856
  (0, 133997)	0.13456048306200497
  (0, 119934)	0.2418553605501969
  (0, 72957)	0.2075887154451502
  (0, 113204)	0.2418553605501969
  (0, 16457)	0.2418553605501969
  (0, 165295)	0.11248573243701203
  (0, 152143)	0.193099300600741
  (0, 82344)	0.22606373407358124
  (0, 46994)	0.2418553605501969
  (0, 84238)	0.2418553605501969
  (0, 130276)	0.2418553605501969
  (0, 31182)	0.2418553605501969
  (0, 157321)	0.2418553605501969
  (0, 80432)	0.14245306087174553
  (0, 162576)	0.1370522634770604
  (0, 112113)	0.08925206053332548
  (0, 133916)	0.11597172230413291
  (0, 119890)	0.14657779813449612
  (0, 72877)	0.13539663199651408
  (0, 113201)	0.21331428671039038
  (0, 15984)	0.08401709904362842
  (0, 165157)	0.05127237370412318
  (0, 152130)	0.17538124532945185
  (0, 81826)	0.0842640054141949
  (0, 46938)	0.1326895942782737
  :	:
  (29996, 84340)	0.08526216837741807
  (29996, 80845)	0.07323398881632463
  (29996, 165157)	0.05372836000837237
  (29997, 155320)	0.6770411698316995
  (29997, 155300)	0.6492927931940766
  (29997, 190257)	0.346459410406411
  (29998, 61560)	0.3331054553218759
  (29998, 190596)	0.3331054553218759
  (29998, 169295)	0.3331054553218759
  (29998, 191144)	0.3331054553218759
  (29998, 100374)	0.3331054553218759
  (29998, 61545)	0.24071438721010596
  (29998, 181220)	0.279613602300694
  (29998, 179751)	0.27437175303036765
  (29998, 169293)	0.32038270756407633
  (29998, 93989)	0.19297348991489358
  (29998, 180940)	0.1449088378581422
  (29998, 93665)	0.13488447095908737
  (29998, 179647)	0.14287155942147522
  (29998, 190257)	0.18522476915549918
  (29999, 192073)	0.6148303109603782
  (29999, 176310)	0.5265330064690422
  (29999, 93992)	0.46037870550039
  (29999, 191416)	0.2565049923368197
  (29999, 93665)	0.25884999179275503
  (0, 54507)	0.18061202042998495
  (0, 118900)	0.200285454879427
  (0, 92732)	0.2671715841990035
  (0, 84522)	0.28662990326312354
  (0, 72743)	0.2980122902427013
  (0, 18505)	0.2980122902427013
  (0, 97119)	0.27855397117858127
  (0, 161518)	0.27855397117858127
  (0, 111250)	0.28662990326312354
  (0, 39444)	0.22294246509619778
  (0, 189574)	0.22294246509619778
  (0, 72540)	0.1757089284217518
  (0, 53324)	0.08607648776809677
  (0, 118795)	0.11189148212108885
  (0, 92711)	0.16126105300880217
  (0, 84158)	0.10037968632299733
  (0, 72725)	0.2065496344654496
  (0, 18431)	0.15735162970635824
  (0, 97057)	0.0938779666289854
  (0, 161423)	0.13328659807942467
  (0, 110728)	0.10590663240607301
  (0, 39346)	0.1451697550345551
  (0, 189373)	0.16723327130201873
  (0, 72414)	0.13496367241724372
  (1, 11407)	0.2543510038755546
  :	:
  (29996, 117720)	0.12828486133724612
  (29996, 178874)	0.11556623383927721
  (29996, 91917)	0.11205643770651207
  (29996, 2043)	0.1281906190125339
  (29996, 26471)	0.11568136007279761
  (29996, 12062)	0.09496756247453321
  (29996, 164509)	0.057512026746968044
  (29996, 84158)	0.091491618062559
  (29997, 13454)	0.4004542866870034
  (29997, 60222)	0.3851591938068067
  (29997, 171118)	0.2874482537338844
  (29997, 103281)	0.29586575076314126
  (29997, 158065)	0.31359538771484996
  (29997, 103275)	0.2847201491105821
  (29997, 178501)	0.26177562085875106
  (29997, 102841)	0.2893831568515642
  (29997, 13440)	0.2658031587852231
  (29997, 102828)	0.21923536893486625
  (29997, 178291)	0.19920064553141462
  (29997, 59929)	0.15314406172425726
  (29997, 155998)	0.08717530594217401
  (29998, 110535)	1.0
  (29999, 45363)	0.7151510905411244
  (29999, 126485)	0.5084673379826069
  (29999, 45334)	0.4796038822848724
