8.350474119186401
2.3321640491485596
1.9580278396606445
2.105104923248291
2.336480140686035
2.5994908809661865
2.491881847381592
2.019854784011841
1.7548797130584717
1.859161376953125
1.5654847621917725
1.470064401626587
1.4752981662750244
1.4805352687835693
1.632899284362793
1.6076090335845947
1.6995224952697754
1.571871280670166
1.6643121242523193
1.673403263092041
1.5349884033203125
1.6084339618682861
1.7348363399505615
1.5179133415222168
1.4836008548736572
1.4924752712249756
1.3906166553497314
1.4131243228912354
1.4214410781860352
1.54048752784729
1.7506353855133057
1.6579139232635498
1.505702257156372
1.513824224472046
1.4706764221191406
1.5864379405975342
1.4159679412841797
1.581650972366333
1.548680067062378
1.4627230167388916
1.5306379795074463
1.6617393493652344
1.776618480682373
1.4670476913452148
1.5150294303894043
1.6532893180847168
1.4969370365142822
1.4785041809082031
1.4190106391906738
1.4562978744506836
1.4304890632629395
1.439805269241333
1.4335932731628418
1.4843029975891113
1.4382710456848145
1.4235923290252686
1.3931372165679932
1.4216620922088623
1.4812674522399902
1.5316295623779297
1.4014620780944824
1.430938720703125
1.4002299308776855
1.4587717056274414
1.3986821174621582
1.4552621841430664
1.519014596939087
1.4929921627044678
1.6293938159942627
1.5582318305969238
1.4428918361663818
1.4777309894561768
1.5362179279327393
1.453498363494873
1.6779847145080566
1.545548439025879
1.617842197418213
1.6210930347442627
1.6889443397521973
1.7552602291107178
1.9301261901855469
1.9200809001922607
1.7283318042755127
1.6640582084655762
1.8120286464691162
2.012155532836914
1.5755839347839355
1.7541534900665283
1.6803865432739258
1.594308853149414
1.5137240886688232
1.4755785465240479
1.4974565505981445
1.526717185974121
1.5165200233459473
1.614225149154663
1.5495214462280273
1.4217584133148193
1.8039660453796387
1.3680500984191895
1.4946725368499756
1.4552116394042969
1.5179331302642822
1.4358539581298828
1.5503654479980469
1.8067834377288818
1.7235453128814697
1.4790055751800537
1.4943597316741943
1.47426176071167
1.4044902324676514
1.7247791290283203
1.582779884338379
1.659611463546753
1.5368542671203613
1.7264349460601807
1.5051014423370361
1.6045689582824707
1.43699049949646
1.8879046440124512
1.5535945892333984
1.471510648727417
1.7750108242034912
1.4095265865325928
1.5027799606323242
1.4569649696350098
1.4980430603027344
1.4664151668548584
1.4685356616973877
1.4921588897705078
1.4154975414276123
1.4182405471801758
1.4899559020996094
1.4532122611999512
1.439570665359497
1.394747018814087
1.4110195636749268
1.4298813343048096
1.5198760032653809
1.40997314453125
1.47367262840271
1.4048545360565186
1.42079758644104
1.462740182876587
1.563594102859497
1.5026731491088867
1.4084560871124268
1.4972662925720215
1.5023577213287354
1.5340681076049805
1.4381873607635498
1.9229938983917236
