8.880921602249146
3.6140294075012207
3.0209696292877197
3.0340683460235596
2.89253568649292
3.4641966819763184
2.707617998123169
2.6929428577423096
2.729114532470703
2.6857235431671143
2.6926963329315186
2.786674737930298
2.6506874561309814
2.5577173233032227
2.705406665802002
2.63163423538208
2.557241916656494
2.690530300140381
2.723787307739258
2.7620279788970947
2.5613927841186523
2.6018550395965576
2.6256625652313232
2.6644680500030518
2.8922159671783447
2.97774600982666
3.030702590942383
3.0630171298980713
3.037881374359131
3.2471120357513428
3.6277289390563965
2.7833032608032227
3.0032248497009277
2.8712737560272217
2.865485191345215
2.603121757507324
2.6830503940582275
2.639012098312378
2.60194993019104
2.6348116397857666
2.562063694000244
2.549363374710083
2.730839967727661
2.775541305541992
2.690582752227783
2.6188206672668457
2.6092381477355957
2.5349669456481934
2.632107973098755
2.573824882507324
2.5604724884033203
2.5930423736572266
2.7561309337615967
2.579392194747925
2.8849992752075195
3.4240100383758545
2.942452907562256
3.033130407333374
2.6247193813323975
3.0246641635894775
2.970088481903076
3.2560811042785645
3.2577383518218994
3.1705236434936523
3.1281938552856445
2.991853713989258
2.86616587638855
2.7787792682647705
2.8191258907318115
2.8542823791503906
2.8548951148986816
2.768852949142456
2.851745367050171
2.7160024642944336
2.78165340423584
3.0179102420806885
