13.003163814544678
5.980640411376953
5.213191270828247
5.436334609985352
5.163683176040649
5.1568262577056885
5.1204047203063965
5.306720733642578
5.088047981262207
5.466742038726807
5.063731670379639
5.3514204025268555
5.322000026702881
5.012263298034668
5.040148019790649
5.22741961479187
5.360848426818848
5.349352836608887
6.580700635910034
6.551400423049927
5.004049301147461
5.140176057815552
5.166053533554077
5.194357633590698
5.28334379196167
5.503713130950928
6.516461133956909
6.0385260581970215
6.678041696548462
5.8158345222473145
5.181427240371704
5.261507034301758
4.882077217102051
5.313019275665283
5.258691072463989
5.386636972427368
5.5945281982421875
4.933818101882935
