12.678024530410767
6.42160964012146
6.05462646484375
5.684325933456421
5.19636607170105
5.3178184032440186
5.186973571777344
5.282123565673828
5.265670537948608
5.081829786300659
5.136095762252808
5.286061525344849
5.046231508255005
5.313680171966553
4.9984822273254395
5.0062620639801025
5.380314350128174
5.664056062698364
6.030459403991699
5.534956216812134
5.4588189125061035
5.208945035934448
5.287176847457886
5.581047534942627
5.518832206726074
5.859129190444946
5.087666034698486
5.185809135437012
5.7576539516448975
5.201310396194458
5.620717763900757
5.384830713272095
5.035542726516724
4.939507961273193
4.9496848583221436
5.3267717361450195
5.575639724731445
5.130500555038452
