12.006527662277222
6.117164134979248
6.344934463500977
5.353604555130005
5.573269367218018
4.65742826461792
5.251504182815552
5.2128918170928955
6.49177885055542
5.120099067687988
4.657249212265015
5.0106306076049805
4.8487889766693115
4.914484262466431
4.707662582397461
4.743096351623535
4.9753053188323975
4.666266202926636
4.604004859924316
4.668606281280518
4.86783766746521
5.339022636413574
4.673290491104126
4.594044208526611
4.729481935501099
4.717992067337036
4.716171741485596
4.8235790729522705
4.631397008895874
4.6936469078063965
4.624050140380859
5.174217700958252
5.343858480453491
5.185089826583862
4.661944150924683
4.853217601776123
4.776399850845337
4.744646787643433
