6.901111841201782
1.4562311172485352
1.7046608924865723
1.4866883754730225
1.2106812000274658
1.1822407245635986
1.0469446182250977
1.2819335460662842
1.176213264465332
1.0219714641571045
1.152885913848877
1.0618281364440918
0.9416158199310303
0.9286527633666992
0.902590274810791
0.9663746356964111
0.9539005756378174
0.9440658092498779
0.9272348880767822
0.9103484153747559
0.952258825302124
0.9954266548156738
0.9417834281921387
0.9121942520141602
0.9959068298339844
0.9221012592315674
0.9016492366790771
0.8997948169708252
0.8729743957519531
0.8965365886688232
0.9357113838195801
0.9679505825042725
0.8934543132781982
0.8781607151031494
0.9034459590911865
0.9002084732055664
0.8999314308166504
0.8874421119689941
0.9375500679016113
0.894010066986084
0.9128844738006592
0.9437520503997803
0.9808716773986816
0.89896559715271
0.8855469226837158
0.9150018692016602
0.8988308906555176
0.8884415626525879
0.9192125797271729
0.8643441200256348
0.9188120365142822
0.9111130237579346
0.9056000709533691
0.9070909023284912
0.8456237316131592
0.9311075210571289
0.9868505001068115
0.8838088512420654
0.9232895374298096
0.8938546180725098
0.8845360279083252
0.8994114398956299
0.8708255290985107
0.9012908935546875
0.9379978179931641
0.9598674774169922
0.9200186729431152
0.9546122550964355
0.8857595920562744
0.8970108032226562
0.9632296562194824
0.8688030242919922
1.0272669792175293
0.9403014183044434
0.9105813503265381
1.004889965057373
0.9645640850067139
0.9338419437408447
0.9348926544189453
0.9289336204528809
0.9136385917663574
0.8870804309844971
0.878462553024292
0.9146740436553955
0.8885414600372314
0.8893547058105469
0.9160842895507812
0.8767995834350586
0.8908424377441406
0.9261925220489502
0.9271199703216553
0.8457357883453369
0.91390061378479
0.8679666519165039
0.874443531036377
0.8653788566589355
0.8531210422515869
0.8215892314910889
0.915851354598999
0.8496618270874023
0.8676657676696777
1.1107521057128906
1.1058144569396973
1.2028403282165527
1.0889310836791992
1.111379861831665
1.1515347957611084
1.1562254428863525
1.1339805126190186
1.034458875656128
0.8899030685424805
1.177093267440796
1.022003412246704
1.0633516311645508
0.9790325164794922
1.0216078758239746
1.0770437717437744
1.2051444053649902
1.0828685760498047
1.0834810733795166
1.1014113426208496
1.0429878234863281
1.1566290855407715
1.069516897201538
1.0555460453033447
0.9970595836639404
1.021782398223877
1.2003307342529297
1.1899175643920898
1.041311502456665
1.06235671043396
1.0575432777404785
1.0222103595733643
0.9255728721618652
1.1296310424804688
1.0264790058135986
1.0589573383331299
1.1635041236877441
1.12046480178833
1.0412471294403076
0.9758346080780029
0.9952242374420166
0.9695680141448975
0.9488785266876221
0.9914603233337402
0.9792366027832031
1.0371718406677246
1.0481288433074951
1.1448724269866943
1.5873117446899414
0.9419631958007812
1.0667550563812256
1.0501809120178223
1.0773334503173828
1.0935213565826416
1.0383555889129639
0.975543737411499
0.9884746074676514
1.044586181640625
1.0766587257385254
1.133659839630127
1.0086536407470703
1.111598253250122
1.2015459537506104
1.1619970798492432
1.2802038192749023
1.0204508304595947
1.0821278095245361
1.181516408920288
1.1745569705963135
1.2834057807922363
1.1420173645019531
1.1134653091430664
1.1658368110656738
1.2407445907592773
1.130314826965332
1.229604959487915
1.2237045764923096
1.316176176071167
1.1835181713104248
1.1202023029327393
1.1505863666534424
1.1380183696746826
1.0722558498382568
1.1781196594238281
1.3771402835845947
1.1838054656982422
1.0658040046691895
1.1584367752075195
1.180481195449829
1.2068142890930176
1.1670103073120117
1.0791125297546387
1.069681167602539
1.2138710021972656
1.0524756908416748
1.1378026008605957
1.0915064811706543
1.0843358039855957
1.141845464706421
1.00205397605896
0.9392259120941162
0.9835772514343262
0.972475528717041
1.016852617263794
1.0201189517974854
1.0587983131408691
1.0197081565856934
1.0989599227905273
0.995330810546875
1.1053173542022705
1.0209226608276367
1.1190712451934814
1.4387540817260742
1.0320780277252197
0.9634335041046143
1.0602202415466309
0.9518508911132812
0.9561638832092285
0.9739680290222168
1.0880990028381348
1.0557093620300293
1.0186834335327148
0.9619462490081787
0.8926985263824463
0.926642894744873
0.9863319396972656
1.0105862617492676
0.9745190143585205
1.0392520427703857
1.0378601551055908
1.0277752876281738
0.9751346111297607
1.118100643157959
0.9483339786529541
0.9871809482574463
1.0536916255950928
1.066047191619873
1.0987954139709473
1.0809175968170166
0.9585762023925781
1.0177834033966064
1.0368833541870117
0.9767594337463379
1.089383602142334
0.9716663360595703
0.97098708152771
0.9918980598449707
1.00459885597229
0.9558348655700684
0.9151866436004639
1.0116300582885742
0.9467258453369141
1.0104949474334717
0.9469232559204102
1.0146901607513428
1.0129344463348389
1.000523328781128
1.2095670700073242
1.0379831790924072
0.9708065986633301
1.0736169815063477
1.1942236423492432
1.0213286876678467
1.0237157344818115
1.003715991973877
1.062657356262207
0.9491274356842041
0.9939782619476318
0.991063117980957
0.9933788776397705
0.9990172386169434
1.0826914310455322
0.9739134311676025
1.0112926959991455
1.0033276081085205
0.9794247150421143
1.0418925285339355
1.0923714637756348
1.008641242980957
1.061676025390625
1.1520521640777588
1.0948197841644287
1.100123405456543
1.0155627727508545
0.9036877155303955
0.90673828125
0.9386336803436279
0.9704070091247559
0.9744024276733398
0.9325172901153564
0.8704614639282227
0.8259403705596924
0.8997960090637207
0.8880064487457275
0.8414568901062012
0.9253599643707275
1.1871252059936523
1.1087477207183838
0.9887778759002686
1.1011135578155518
1.0788633823394775
1.055234432220459
0.8893260955810547
